Store Number,R,P,C
11854,5171050,4227746,943304
79420,3766392,-3386237,7152629
3872,7935455,6978394,957061
13448,6652067,-2957730,9609797
10325,4649923,2413137,2236786
7459,2743118,-2150741,4893859
11182,7235935,6199211,1036724
7329,8818047,1086381,7731666
7907,2592451,-848770,3441221
76864,2193494,-420242,2613736
9991,1473845,352106,1121739
76677,6456219,5935641,520578
7570,3348381,-818264,4166645
16926,7022373,-902654,7925027
76855,3416367,-2212985,5629352
13411,7857068,7010606,846462
75663,7102406,-1021492,8123898
76481,9332666,103226,9229440
7773,3935422,-3313064,7248486
885,6520073,2370363,4149710
9716,7621345,326066,7295279
7960,3637364,3155742,481622
7450,3865927,-5720632,9586559
14996,1249148,-1371859,2621007
10278,2167954,-1234401,3402355
11531,1238354,-7044774,8283128
5107,1996570,1280093,716477
11848,6138387,417090,5721297
7658,1023381,-458716,1482097
833,1696744,-6025838,7722582
2765,8180642,-1251149,9431791
11757,4758701,-3871146,8629847
8650,1742594,-5234870,6977464
9269,6359512,3946210,2413302
7356,4876768,4011515,865253
7772,5626135,-2327740,7953875
15489,1186175,-7809723,8995898
9984,6933482,-2426166,9359648
75861,1423696,-7706773,9130469
75860,8791494,4464263,4327231
7812,3350318,-772055,4122373
7522,2423476,-1988349,4411825
13978,4479933,-3110294,7590227
802,9854674,4370358,5484316
7269,3751058,-1814892,5565950
9913,7511871,5666680,1845191
7279,9003008,7549073,1453935
10598,8121825,7248881,872944
7258,3454027,-2656409,6110436
876,5451819,4335313,1116506
7553,7610683,-621629,8232312
866,6658849,1528265,5130584
76681,9102793,482756,8620037
7283,3294243,2573024,721219
7364,8750653,7685260,1065393
7205,7641127,6070163,1570964
8988,3980280,-2764437,6744717
10037,7588603,-586925,8175528
76315,9970330,8803334,1166996
816,3537769,-153995,3691764
15208,2936398,-5231389,8167787
14138,1626693,-3672353,5299046
78032,8402052,7492963,909089
7502,6558287,-642802,7201089
871,4144885,97706,4047179
7835,2185453,-181048,2366501
8873,7466952,7339346,127606
2764,9555890,4804561,4751329
827,7752402,2311678,5440724
16917,4071125,2601938,1469187
75650,6659063,5221385,1437678
810,9529657,5254087,4275570
7241,4856571,766639,4089932
7538,9192653,8713806,478847
7102,2097443,-4950689,7048132
861,3083065,-3111724,6194789
75840,7875538,-697856,8573394
16158,2224759,-244251,2469010
7436,1780033,-475848,2255881
75808,2079464,-6180921,8260385
7550,2351435,2131379,220056
72417,4328006,-4442956,8770962
75534,3520659,-4732646,8253305
7338,7094578,220413,6874165
75649,5390534,-2368750,7759284
8742,3333581,2601132,732449
72208,6102731,1513195,4589536
857,2670774,-2773238,5444012
75637,5922066,-3433846,9355912
862,6146327,5551434,594893
883,2784057,-382934,3166991
9463,3684939,-651980,4336919
864,6162494,3867657,2294837
875,9497397,7005995,2491402
7535,3279920,-1349093,4629013
7805,5587338,5274072,313266
3773,3917815,-1158414,5076229
7268,9591636,1789701,7801935
801,6092861,-2841574,8934435
7531,8369670,1370370,6999300
7382,4293789,3193968,1099821
869,8540143,-1354207,9894350
7201,3612821,-202453,3815274
11684,1563736,-2689247,4252983
10599,6431039,5253662,1177377
7377,3183108,-4999636,8182744
7564,6171207,3048461,3122746
7686,2780814,-21204,2802018
830,3264267,-5026449,8290716
807,3371778,527705,2844073
870,9263298,9153300,109998
7916,2622814,-1917839,4540653
78025,6744218,5024678,1719540
75830,2114183,-6217678,8331861
7544,4417760,2342268,2075492
72111,9299334,1551335,7747999
75265,7950413,5513243,2437170
822,1844709,-7515234,9359943
7652,1702732,-3520032,5222764
75912,6309282,500444,5808838
10155,2166156,1291117,875039
70015,8919731,-537225,9456956
7702,4625366,-468182,5093548
72107,4184710,-521529,4706239
872,4778186,1511798,3266388
75513,4542743,-10537,4553280
8741,5295175,-1490428,6785603
7234,8340032,-526733,8866765
72163,4780509,3424950,1355559
824,6540687,-1531766,8072453
11726,9943800,2568866,7374934
7551,1259287,-7984368,9243655
7823,4648064,-5159023,9807087
2767,4420792,-5215407,9636199
867,3310655,-469635,3780290
75363,6065751,-2113934,8179685
7384,8237812,149084,8088728
7224,5416731,4831143,585588
7804,8940947,3446308,5494639
7336,5526318,-2919594,8445912
7481,9759714,9161134,598580
16439,5634390,472116,5162274
76139,5956540,-262426,6218966
811,5715484,1089628,4625856
835,4361426,-139283,4500709
7797,3806535,2648887,1157648
76403,8154914,4719944,3434970
880,2003268,-7892785,9896053
7270,3287366,-4275449,7562815
8956,5631598,-2683195,8314793
7301,4196032,-48045,4244077
7808,3814993,-4326098,8141091
7227,4328863,682816,3646047
7314,6880498,6323518,556980
10962,4600432,-5249652,9850084
868,4981670,335993,4645677
16092,9546036,90248,9455788
7565,3953561,-4958689,8912250
7992,4686544,1670850,3015694
15209,3639644,-6167524,9807168
7218,9207000,-497660,9704660
874,2418592,-2935339,5353931
9523,8316265,2083965,6232300
7328,2544622,-2002567,4547189
70090,5528594,-3719164,9247758
7399,5545316,-2095367,7640683
10167,8782142,6700741,2081401
13718,2623298,-2767564,5390862
7718,5773280,-2076975,7850255
7861,7098539,2300515,4798024
7406,7888027,-2068517,9956544
7844,6324912,-1165271,7490183
79377,4547180,402709,4144471
76412,2098448,-3348897,5447345
9922,8744297,4968315,3775982
7528,5988051,-1324715,7312766
7210,8268391,-1242262,9510653
11974,8301776,3283494,5018282
13631,4942898,-1466877,6409775
7614,1087304,412867,674437
7884,6626984,673912,5953072
15617,7752316,7584426,167890
10284,4394983,1177986,3216997
7432,4411263,-1776416,6187679
7701,4499721,4005295,494426
7635,4701357,2338500,2362857
75419,7196953,1246288,5950665
75901,5958325,-2898425,8856750
10046,6243110,-2347225,8590335
7485,3586699,-1514355,5101054
75705,5501875,-3609025,9110900
7447,9973133,3725567,6247566
70319,7537639,3528656,4008983
14795,8796829,7322412,1474417
7503,1355221,-3512088,4867309
7986,2307802,276510,2031292
73804,1033126,-1025759,2058885
7411,9697736,6335658,3362078
14745,6896625,3521862,3374763
76547,7818871,-9158,7828029
10353,2044335,-7883931,9928266
7388,7105457,2245891,4859566
11903,7546773,-1229698,8776471
7461,3122658,-4214538,7337196
76307,5248279,-3425002,8673281
76582,4258908,-3374577,7633485
7813,1867257,-2390279,4257536
76268,2419710,-116997,2536707
9265,3364522,1621669,1742853
7651,5766587,328550,5438037
11811,3765014,-1306492,5071506
8646,7233756,6498596,735160
2747,2823902,-5004696,7828598
76306,4799574,-1076919,5876493
15620,5141682,4932516,209166
10948,4019253,-1884637,5903890
7752,1134984,-4386144,5521128
2783,6850211,4372205,2478006
9641,3021518,-5485765,8507283
72572,3629709,2985722,643987
16976,7729639,6938414,791225
79465,6715811,2983082,3732729
10264,1368414,-3175713,4544127
10329,5327616,-1146168,6473784
15413,8799762,4419630,4380132
10283,1092168,-1146466,2238634
10045,9664056,-44900,9708956
14368,4537970,3225839,1312131
7252,9965961,9513313,452648
7668,3822256,-3210032,7032288
76780,6439513,-1995780,8435293
9292,8784201,6748164,2036037
76967,2990210,1157877,1832333
4196,9023461,8032109,991352
7455,1531183,-520481,2051664
7505,4642439,-359960,5002399
9846,6479852,4348930,2130922
13783,1349746,-5018968,6368714
804,8921876,7022818,1899058
7722,2322442,2128350,194092
10020,9989966,9192927,797039
855,5097737,3291208,1806529
7576,3417330,-5175883,8593213
7864,3658972,-1456095,5115067
11782,3047433,-1706998,4754431
76137,6618095,3744018,2874077
73758,1455051,-244682,1699733
9601,2845813,-5578308,8424121
7397,3275807,-4197140,7472947
79470,7128813,2477478,4651335
7220,6359866,1289788,5070078
9493,8465169,4820731,3644438
72248,6571203,1208815,5362388
7220,5997997,1509982,4488015
7230,3312515,-5797487,9110002
14217,4997480,-4100021,9097501
7580,8432081,1087384,7344697
7728,5875831,4011696,1864135
842,2614175,-1193276,3807451
2782,3767929,-3597725,7365654
15619,3198302,-5668567,8866869
7654,4899595,-4310226,9209821
7307,2058249,-4259860,6318109
877,1586566,-4915313,6501879
73725,1228814,-4381649,5610463
2962,8159047,6200226,1958821
11172,4539121,2129066,2410055
7235,8123948,3753576,4370372
14784,5586923,5433182,153741
9308,9704245,2059096,7645149
7477,8538570,8393722,144848
76284,7767804,7425357,342447
76269,3397407,-2417312,5814719
16303,1647599,-2953711,4601310
7367,8830797,3776545,5054252
7482,9250338,1664146,7586192
7366,9474875,955528,8519347
75540,6558265,3194177,3364088
14466,1138070,-1539250,2677320
805,5027051,3677449,1349602
7509,1972497,-7033963,9006460
76990,9701086,4621084,5080002
815,3734602,2573143,1161459
76705,2623473,-5490883,8114356
8645,1554732,-2816742,4371474
7824,4440613,-4773473,9214086
72439,4441980,1541689,2900291
7836,2883573,1540812,1342761
13587,7200105,127285,7072820
7302,3547896,-4034756,7582652
14543,5122513,-867002,5989515
7287,5058437,822370,4236067
7247,5718307,-2458742,8177049
7633,7585672,6710270,875402
2850,8173796,3801156,4372640
7645,8585658,7624366,961292
9985,1068821,-8183821,9252642
7400,5322876,501102,4821774
10202,4846228,-3312512,8158740
7883,9059949,6652144,2407805
9834,4549885,-5402212,9952097
11128,7397844,2718518,4679326
8808,4074556,3798488,276068
7913,2994479,-4120127,7114606
76679,5924372,266480,5657892
9640,6560430,4658604,1901826
878,8049996,6956330,1093666
4730,9697673,-270013,9967686
10500,4839552,3111035,1728517
9423,1491461,679040,812421
851,4384155,-1193711,5577866
848,5885474,-427332,6312806
6999,8607876,7399551,1208325
7306,8908157,1377165,7530992
75175,2848805,262644,2586161
7508,9696471,279225,9417246
7251,1649917,-3572920,5222837
853,7602268,5214135,2388133
7300,3367274,3064397,302877
10949,4691399,3519138,1172261
7740,9494734,1994810,7499924
11678,9731656,6223505,3508151
4195,4119108,2945261,1173847
7616,7861803,2629268,5232535
8644,3748613,-2911216,6659829
7751,8087608,-686408,8774016
7863,5170660,3317751,1852909
76851,1582336,-6781077,8363413
76958,6602523,-3388785,9991308
3434,3690234,616625,3073609
7741,4047987,-2802116,6850103
76550,1785608,-4809923,6595531
7862,9735116,8899431,835685
9986,8694040,1145435,7548605
3857,4712249,3792684,919565
15679,6447018,3613657,2833361
16899,6180899,-2283029,8463928
10190,4324490,-4355393,8679883
76553,1845719,-6592047,8437766
8810,7757645,-1993195,9750840
10274,1154846,-5042329,6197175
7742,7953916,2536950,5416966
73864,8807784,3453857,5353927
845,9757605,8405997,1351608
7831,3331904,-3376821,6708725
2950,2002584,-4520087,6522671
15149,2370420,-101456,2471876
8958,8397009,1112196,7284813
76484,8673919,3765246,4908673
9925,2846889,608295,2238594
7228,2770249,-204494,2974743
15513,4406883,-3657105,8063988
76314,9156564,93115,9063449
10378,5146252,-3755500,8901752
3433,2901819,-6905902,9807721
7419,8448100,5448204,2999896
10513,9831694,1238387,8593307
7922,3676877,1313711,2363166
11275,8994076,5749212,3244864
75922,2985419,2567603,417816
13661,8549288,4307836,4241452
7355,4611687,-2528708,7140395
9667,6258545,-206875,6465420
78055,2509682,-5491377,8001059
7219,6734207,-702555,7436762
15660,4995861,3505426,1490435
7430,9065147,-218689,9283836
76938,6109275,670886,5438389
3917,2925902,505693,2420209
78027,8381688,4531790,3849898
78039,6070344,2376809,3693535
13668,3535909,-3115038,6650947
7678,2848187,-3080520,5928707
72431,2708083,1364221,1343862
75393,6097884,3815408,2282476
7390,4589380,-5012623,9602003
79349,2892051,1816681,1075370
11194,1041406,-1807868,2849274
13452,2584783,-6855471,9440254
11810,6597030,598007,5999023
76286,3917108,2496236,1420872
7379,6449913,2210235,4239678
15207,3704731,-4262137,7966868
3503,8342372,179591,8162781
7335,3749789,-2875758,6625547
11064,5128328,-688155,5816483
75892,5506051,3167720,2338331
2851,8680796,1713756,6967040
7639,9168035,3565748,5602287
76781,5344972,-2173932,7518904
76965,8489334,7355805,1133529
7664,1632541,-7695692,9328233
14269,4662641,3003743,1658898
7692,6654022,-2462481,9116503
7272,5994561,4910765,1083796
10397,3565396,-1729098,5294494
7363,9478245,6401117,3077128
10515,2821289,1326451,1494838
7351,3323594,448803,2874791
7936,1835172,-1967160,3802332
7705,7589858,-1285833,8875691
7889,2796274,-6432850,9229124
7288,7690698,-1459124,9149822
7499,2806195,-458820,3265015
10047,2102369,-3422972,5525341
7484,8004111,3751138,4252973
14159,1748871,-1221507,2970378
7681,2293404,-2482222,4775626
75891,9010997,2848509,6162488
75713,7221791,2058928,5162863
76357,3403126,-2229390,5632516
9529,1865138,-2604510,4469648
76558,8253490,3171727,5081763
15742,7331679,6670229,661450
9052,9549255,1183691,8365564
7712,8032472,-454064,8486536
7374,2077021,-4899858,6976879
76680,5396300,-3688163,9084463
10377,6587233,-1894009,8481242
7726,6797182,-2456542,9253724
15819,2316931,-3457386,5774317
11630,9765810,2853516,6912294
5104,7827873,1903023,5924850
7885,3716794,2924591,792203
15780,2409369,-1137870,3547239
7602,1734009,155135,1578874
11849,7168442,38924,7129518
5022,6826919,-299827,7126746
7599,4179003,481205,3697798
76700,4191939,-4737114,8929053
7229,1140511,-2718849,3859360
2798,4202704,-2141384,6344088
76837,9792120,1863970,7928150
75939,1581316,286373,1294943
14474,7310038,326857,6983181
7250,4685834,-3841138,8526972
73958,4945417,-4573472,9518889
7418,6063311,1720804,4342507
15703,7194336,4171367,3022969
73943,8034009,6890002,1144007
73778,4938963,-716213,5655176
4193,3107719,-4797048,7904767
7850,7282733,1604301,5678432
7434,1543416,-5289195,6832611
16156,5739680,5378962,360718
7433,5934690,1666897,4267793
11917,4282845,212107,4070738
7408,2799734,-2730659,5530393
2830,8381646,1956914,6424732
11267,8097163,5885400,2211763
75683,2043268,934720,1108548
75938,6593136,3331095,3262041
13715,2303320,-5078380,7381700
7549,1926178,-6162970,8089148
9709,1877124,-5370272,7247396
76551,5669980,1607937,4062043
9299,3017174,-5673776,8690950
8837,8530516,3573334,4957182
70036,6600879,3728081,2872798
76877,4830929,1826738,3004191
9837,4768547,1974805,2793742
9270,5901107,-2188483,8089590
76191,6677621,5125753,1551868
8503,2310592,1123319,1187273
10301,2766434,2250043,516391
3473,8572881,4831491,3741390
7629,1154287,-6708458,7862745
70085,7875678,4710026,3165652
11065,7458439,-1077587,8536026
10610,8634938,1671621,6963317
76962,8335868,7368883,966985
79407,6390361,3156500,3233861
7504,2054209,-927095,2981304
76318,2995650,-2130458,5126108
814,5733855,3208611,2525244
7326,5925389,1820656,4104733
829,1434225,-7229572,8663797
806,8296109,2748626,5547483
78076,1145005,-6826581,7971586
8795,4394577,-1005978,5400555
11855,7200900,1071573,6129327
813,7174666,1462111,5712555
9369,9516028,8349860,1166168
9662,3263549,739332,2524217
3466,6769816,6538358,231458
2879,5867104,3464025,2403079
7431,3926329,-1483348,5409677
832,6110015,2165454,3944561
7520,7761179,3915664,3845515
10514,9905920,683064,9222856
2789,1721790,-7701393,9423183
7278,1836236,-7601402,9437638
7225,2696078,-4561359,7257437
7303,1475649,-3514744,4990393
15465,7726417,7140787,585630
7304,5148930,3156809,1992121
7901,7719109,7352839,366270
7209,4597168,-4343579,8940747
73950,5346887,-1514588,6861475
7331,6811030,4443928,2367102
11973,3129928,2804229,325699
7449,4752829,4286574,466255
10464,6576396,-3292444,9868840
7203,5261930,2573446,2688484
72573,8667389,698722,7968667
75887,8376224,2837365,5538859
803,3618533,-5752086,9370619
76465,1761782,16897,1744885
11588,3469675,2360940,1108735
7543,3956662,4073,3952589
11588,7640518,1408471,6232047
14369,1790419,-5791170,7581589
76285,1713174,-593705,2306879
7624,6691509,4507238,2184271
14785,8479564,5341145,3138419
76428,1519245,-2187910,3707155
7246,6864774,3159658,3705116
7746,8269793,6084411,2185382
14770,7691531,7069564,621967
10837,7752770,1055755,6697015
11369,2872842,2566925,305917
7582,1219807,220296,999511
7627,2073697,-2805814,4879511
7592,5099243,-112657,5211900
884,9674904,276928,9397976
7464,2451546,239624,2211922
79421,3245620,-2016195,5261815
14240,9251342,4010641,5240701
73747,1402256,-6627998,8030254
13450,8026598,7916669,109929
13535,7507947,1407119,6100828
7391,1316057,-7041204,8357261
7642,3885131,2538183,1346948
73906,5513104,-3879642,9392746
7494,4309033,-3729039,8038072
7745,8634948,4069852,4565096
11931,5816555,2900956,2915599
7559,7743659,6603927,1139732
7296,5256641,-1640151,6896792
76351,2681182,-3959538,6640720
7413,3251702,-940325,4192027
9282,4251399,-2051585,6302984
76239,3536017,-3183125,6719142
9077,5710781,3807154,1903627
7232,7976788,3911575,4065213
73937,5513420,-3426107,8939527
7248,1289905,-4684028,5973933
7539,4599778,-4514565,9114343
3928,8654257,2359422,6294835
7395,2770448,1759522,1010926
7640,8699424,6661677,2037747
8840,1278195,-6688502,7966697
14300,1933538,1793071,140467
846,5037114,-4796022,9833136
3863,1801145,-7293952,9095097
11933,9496135,8614309,881826
7349,9891104,6224145,3666959
7897,6481781,4075830,2405951
7217,7780323,3289492,4490831
11273,2349107,149611,2199496
11648,2132435,-7530773,9663208
73855,3398186,-6189447,9587633
7425,6008723,3164335,2844388
7256,6987674,3227636,3760038
2787,6715103,3306669,3408434
14296,7645597,4339002,3306595
2972,8148074,4288884,3859190
11536,5963062,164639,5798423
7555,8801369,7874396,926973
14317,8498801,6463336,2035465
13133,5485289,-497425,5982714
7471,5978461,-54388,6032849
1379,1189329,-4724910,5914239
7456,8841448,7115539,1725909
14601,8696369,6622658,2073711
70059,8192902,3963287,4229615
70026,8248322,7104869,1143453
72429,9077620,5340215,3737405
73708,6186042,5343725,842317
75803,8894490,175928,8718562
7910,4708222,-1553327,6261549
14441,1375358,-1774711,3150069
7567,1060206,-2060723,3120929
11812,5491557,5379097,112460
73859,1214765,-6398866,7613631
75968,2314579,-4961496,7276075
75953,4859389,4660968,198421
75841,4064188,-88081,4152269
14840,5452003,4769866,682137
9663,2349173,-2122762,4471935
5114,6112306,461543,5650763
7663,9131118,3386907,5744211
7558,7680629,3454466,4226163
7407,4968941,-3321097,8290038
11370,3672271,-2019059,5691330
7672,9817467,2985827,6831640
7216,6709692,5670652,1039040
8770,1852311,-2781632,4633943
11277,2716677,-2285785,5002462
9439,9552015,8260546,1291469
818,5171925,-1220637,6392562
817,7453099,1191846,6261253
7682,1926412,-849377,2775789
823,8476286,-108828,8585114
15685,5612645,-1291455,6904100
10751,1580865,-1642167,3223032
7429,1342035,-5152123,6494158
821,1067182,-1103614,2170796
70349,4829365,-469441,5298806
7612,6445580,703300,5742280
2973,2401579,1525053,876526
10608,4683831,-4499161,9182992
10693,8834612,6273040,2561572
7525,7817805,-1588707,9406512
7404,1318377,941215,377162
10841,9023498,4078588,4944910
7655,6925966,-1242571,8168537
7557,2361472,-693300,3054772
7761,6592871,-828175,7421046
7852,8722970,7728668,994302
7802,3063488,1403614,1659874
10643,8041224,791832,7249392
7370,7370432,-507719,7878151
7608,9306017,4766966,4539051
7534,3536283,-3447187,6983470
7386,1155266,-8318873,9474139
14218,7459176,-1678838,9138014
7755,1580846,-273091,1853937
7223,2375717,-5495014,7870731
7699,5604013,552631,5051382
7474,9652784,8170266,1482518
7533,3641392,470932,3170460
7352,8117135,796563,7320572
14498,4623560,4425978,197582
7394,7530986,6212959,1318027
839,5206931,-4517571,9724502
7709,2770197,-6393526,9163723
7317,3601399,-4836159,8437558
7874,2318331,-2656407,4974738
7492,8199333,5446564,2752769
73856,6716584,6313689,402895
7354,9235410,5457797,3777613
13982,8622637,-891991,9514628
7518,1799281,-2439011,4238292
819,7114660,-955932,8070592
73858,5712198,-3621525,9333723
879,8262142,-841610,9103752
11738,7401238,7266996,134242
7860,6088031,-3894383,9982414
76491,4730041,3626136,1103905
7271,1671198,-3530149,5201347
72437,9979909,9873174,106735
11929,4321991,-2631544,6953535
7700,8101923,4287645,3814278
7445,4181322,-3519592,7700914
7428,2908189,-6935692,9843881
7346,1495241,-851921,2347162
11765,3181247,1030906,2150341
10279,4129626,-3762607,7892233
7344,5539773,4447426,1092347
9241,7312081,1371953,5940128
13262,3939682,-2427475,6367157
7575,6104705,-1776691,7881396
13455,5359363,-892526,6251889
7342,7811830,5802678,2009152
13454,1654135,-214897,1869032
11928,3002630,1680169,1322461
14497,6106207,-3582431,9688638
7698,5709940,3682579,2027361
7465,7428181,3123852,4304329
7245,6114383,5100360,1014023
8614,9994160,426743,9567417
7696,2681658,-783314,3464972
76237,2928720,-2130538,5059258
75491,3750580,-2366086,6116666
8615,4754785,-4700534,9455319
9240,2191344,1649364,541980
2784,8340181,-386187,8726368
75847,3634679,-5519942,9154621
8965,6117719,-3880386,9998105
8992,8984076,8049670,934406
9239,7783572,2239274,5544298
75846,3702711,-4229058,7931769
9239,6085172,2517910,3567262
7673,8286628,5597381,2689247
8126,2142736,-5779059,7921795
7424,7132400,3617704,3514696
11736,2910896,-5768838,8679734
2785,3154364,-5576020,8730384
7443,4828873,-5105661,9934534
7501,5238790,-4426981,9665771
852,8763825,2673992,6089833
7444,6100183,-3638276,9738459
15388,3513294,-3290763,6804057
7282,9316364,8957965,358399
7426,1021169,-2873797,3894966
7577,4654744,-3884533,8539277
7670,2607589,14131,2593458
9242,8840110,4897917,3942193
7426,7390373,-672364,8062737
7393,6059394,-1238207,7297601
14241,8027351,1430783,6596568
7215,3196790,-369644,3566434
7462,5001417,-1347338,6348755
75734,6206162,2181753,4024409
7373,9069007,-191145,9260152
7297,9105406,5627122,3478284
11737,2571057,-1834095,4405152
9244,2765200,-1185931,3951131
7506,8535859,6231418,2304441
7800,2183873,-4587074,6770947
7414,8675417,-757492,9432909
7222,7893822,-971577,8865399
75589,8647943,7951491,696452
7898,4992069,-4302701,9294770
8993,3691850,1961923,1729927
7611,1371399,533671,837728
15440,5725523,-3927896,9653419
7801,4020510,3340493,680017
14185,5537261,4896126,641135
11764,3614764,-5074163,8688927
7280,4586498,-416232,5002730
8769,2970418,-884422,3854840
7273,9257131,4336807,4920324
7263,5242411,4174438,1067973
8812,2845766,-1621016,4466782
7890,1714374,-4045742,5760116
7463,2815874,-3152636,5968510
9467,3184986,-913862,4098848
7511,3231512,2477824,753688
7468,9182708,4744500,4438208
7536,7019569,3380597,3638972
7238,9232966,8655654,577312
10784,1699636,-2393121,4092757
8130,1455677,-985066,2440743
16576,3648982,-5758176,9407158
831,7576584,1293850,6282734
7403,2235518,567041,1668477
14092,4220752,-3241071,7461823
14091,4222287,-3922041,8144328
11423,7017372,-1756437,8773809
7446,9748721,4736799,5011922
10392,4131430,-118674,4250104
7769,4545933,783921,3762012
7470,3314557,-5299978,8614535
7719,9005840,6468500,2537340
75682,8264200,5947671,2316529
7472,5519601,-1353452,6873053
75568,1457784,981939,475845
7472,3789841,-2105629,5895470
7739,8888588,-847345,9735933
7721,6426232,-1670812,8097044
7767,9669621,1824284,7845337
76557,3230045,2155924,1074121
70040,3999711,89516,3910195
7362,5680538,510425,5170113
10398,5431314,-3024312,8455626
882,8961180,-743208,9704388
73857,6817562,-680507,7498069
12457,3782835,-659967,4442802
7483,9037501,-844373,9881874
75556,7695364,1220349,6475015
76554,7994011,944359,7049652
14295,3287705,3074013,213692
7923,7537203,6641441,895762
2863,9752491,3474819,6277672
79489,7668602,760507,6908095
7207,2229234,-3675655,5904889
72409,1302046,103202,1198844
76937,6557680,6294511,263169
75579,2521219,1026558,1494661
75593,6891361,-141754,7033115
7888,4825811,-3065219,7891030
7276,5131984,-4249289,9381273
7292,5919988,-2499869,8419857
7226,2488823,1953274,535549
9958,2463185,-2580699,5043884
73780,6062800,5331463,731337
7545,4712663,-3976657,8689320
7291,8069304,855518,7213786
7438,9745897,3594288,6151609
10326,7620820,2551031,5069789
8811,1898565,-1460251,3358816
75943,4951790,4677150,274640
11363,9765634,6140989,3624645
75299,4997499,22162,4975337
7646,7053300,875357,6177943
7361,9327810,724906,8602904
73870,4823107,-2891050,7714157
7552,6462801,6158850,303951
73920,2316195,-1968975,4285170
11808,1261540,84486,1177054
2864,9651417,8046125,1605292
7617,6670758,-2359027,9029785
72451,8696440,-782913,9479353
13983,7399091,6966842,432249
7243,8462059,3981939,4480120
8131,1081183,-6024174,7105357
7921,8933793,8347254,586539
7843,7847145,-278587,8125732
13383,5609353,3664902,1944451
859,1698986,-7074725,8773711
13350,4802638,1453986,3348652
7475,1224907,-3364443,4589350
7669,6048869,1116278,4932591
7398,6642092,1070862,5571230
7383,4906847,4234388,672459
7244,3618348,3280444,337904
7920,9918776,2986907,6931869
13856,5863269,4770147,1093122
7416,2325192,-2388019,4713211
75874,9996465,2229034,7767431
76238,6815628,-1891377,8707005
10282,2803753,-3443373,6247126
9056,4704222,-5232221,9936443
7788,5640283,-3618887,9259170
9238,4548081,-2433017,6981098
3438,3705764,-5133747,8839511
9237,8017537,7339877,677660
7513,6925580,-2535082,9460662
7691,1589379,809724,779655
7878,3557680,-5959350,9517030
7375,9176524,7430693,1745831
7493,2005343,-6662016,8667359
7595,6844345,884699,5959646
11807,6236791,-647097,6883888
14318,8789778,8457104,332674
9273,2795233,-1272403,4067636
844,3992275,2363790,1628485
7560,5355916,2081338,3274578
14841,5010681,-4382388,9393069
844,1677706,-1724937,3402643
7348,5278726,-102353,5381079
849,8210817,7769740,441077
7466,1827791,-4082211,5910002
7358,1899849,-4861611,6761460
7441,8144035,6789572,1354463
7566,4730422,4019421,711001
14479,4787022,-4366377,9153399
15751,6774446,3214576,3559870
7781,5759015,5109741,649274
11809,4303377,-56910,4360287
9368,7828116,6820247,1007869
7704,2296112,1397939,898173
76240,4586073,840186,3745887
11934,2887631,-4405796,7293427
7680,7179669,-1433260,8612929
11271,6781433,2751451,4029982
11649,6095245,4645168,1450077
7626,1010386,-254909,1265295
7684,2117613,-6171950,8289563
13296,7241420,6453906,787514
9721,4714347,-3365572,8079919
7392,5794089,5340582,453507
854,9764882,4849494,4915388
76878,9220527,3282536,5937991
7392,8804502,3523817,5280685
7489,5355336,551808,4803528
14219,6031716,3474965,2556751
11650,3556803,1403051,2153752
79448,7512184,3036974,4475210
7547,4616388,1451061,3165327
10044,7591249,1432437,6158812
7649,3343769,175862,3167907
14266,5529079,14518,5514561
7497,6452458,2072268,4380190
847,1996245,-1481444,3477689
75194,1336930,-6607724,7944654
7261,1114717,-1547133,2661850
15461,2914821,-618333,3533154
7711,5735554,2444980,3290574
16255,7990080,910657,7079423
858,8982629,7649141,1333488
825,1493131,-3943578,5436709
15236,8392460,31908,8360552
7255,9052389,4468005,4584384
7675,2684652,-4414754,7099406
7586,9142916,4948777,4194139
837,4395007,1478772,2916235
73964,2248631,-6287433,8536064
75896,6857200,-3092041,9949241
7320,1335193,764172,571021
7378,2980736,-1674650,4655386
3421,9783901,3257419,6526482
7753,7225854,6218435,1007419
7540,8252299,2243336,6008963
7622,7080134,3485242,3594892
7285,3337231,-2396024,5733255
14618,7858640,2515373,5343267
10396,1928646,-4803933,6732579
14442,4929405,2787655,2141750
9659,8029653,5634655,2394998
10038,2103987,1805828,298159
13539,6905858,-1261153,8167011
7587,5318274,-194212,5512486
7858,1832805,-5054567,6887372
5072,2254898,-820532,3075430
7277,3773452,803096,2970356
13538,4574394,-5035905,9610299
7826,5631324,-2585412,8216736
75271,6478042,1487085,4990957
7792,5061457,50553,5010904
16153,4812494,1335096,3477398
16628,4453829,3599062,854767
7341,4835026,-540673,5375699
7316,1678206,-295772,1973978
7420,2287188,-5155025,7442213
9722,8506974,6990903,1516071
7353,3256965,-3772098,7029063
7851,3459932,-4822690,8282622
13791,4502484,3301553,1200931
7427,5603247,-989213,6592460
7507,7483755,-1566856,9050611
7254,4007194,-3831127,7838321
7332,7226017,1871264,5354753
13295,1570264,446776,1123488
7289,6016629,5599017,417612
79414,8996862,-702031,9698893
76790,5702385,-2548025,8250410
7451,1871234,-3618958,5490192
7786,1594590,-3643110,5237700
9480,4382466,-1830020,6212486
7204,8842897,4628081,4214816
15847,7940121,4464699,3475422
9366,9069185,-96471,9165656
76836,6993808,6129615,864193
14298,5501240,-1553387,7054627
13926,4698628,1768424,2930204
7880,8458982,7648587,810395
9660,9522051,180501,9341550
7727,4682671,-4336080,9018751
76236,2613216,245099,2368117
11690,4702009,-697547,5399556
11642,6912597,4429143,2483454
73921,4506375,913146,3593229
76977,1350471,-370970,1721441
14478,3360393,-1956767,5317160
75692,2004650,-5251639,7256289
79487,9805426,5011308,4794118
7208,9584835,6835933,2748902
7683,9736828,-260203,9997031
7309,3959397,-4225177,8184574
7853,4524891,-2028245,6553136
75468,6442536,-2524136,8966672
7758,2292617,-1856505,4149122
790,5380847,2829272,2551575
79455,8379790,2034410,6345380
8964,7699970,-1337706,9037676
14119,2349868,-730652,3080520
75865,4426213,-4085065,8511278
17013,4717467,-175910,4893377
7496,3921229,3646045,275184
7854,1417383,-4780501,6197884
7405,7434751,2381569,5053182
2773,7938781,3803210,4135571
76752,3560487,-3049158,6609645
11533,9818191,8840278,977913
11421,8146545,5377376,2769169
70079,8624612,3122705,5501907
72423,7624735,790357,6834378
72452,5431962,-2225398,7657360
10782,9548691,622361,8926330
7818,7009769,4196110,2813659
770,1959593,-3194751,5154344
76735,2008779,-7276388,9285167
13984,2983068,-3036167,6019235
76936,3053718,2228591,825127
74666,2235175,-1223859,3459034
769,2043298,1090887,952411
79735,3027672,277641,2750031
10406,3502133,-4571741,8073874
2797,1605611,-3774146,5379757
10039,4455555,-3296446,7752001
9438,4157930,-2489153,6647083
7584,4459537,2761987,1697550
76283,1872478,-7568340,9440818
76555,2702231,-5943203,8645434
7659,7336983,2772636,4564347
7488,9912528,1675738,8236790
74564,6124543,1289747,4834796
11068,6353857,1483388,4870469
14387,2620556,-389805,3010361
9534,1095212,-5123380,6218592
3858,7530766,-187253,7718019
11546,5443676,-2164369,7608045
3874,6216655,3733636,2483019
10875,7653185,4263574,3389611
11548,5404035,5043335,360700
76745,7171538,4794328,2377210
7940,5053872,-1522634,6576506
10080,6506969,4422678,2084291
3939,9561865,7472979,2088886
74662,5164235,-235374,5399609
10331,1197685,-1771294,2968979
13542,7747041,-947430,8694471
782,8441995,2144366,6297629
12481,6538566,5767331,771235
9535,1668277,1186796,481481
78015,8214267,6687857,1526410
74850,8096773,1250533,6846240
74674,5940418,3187109,2753309
798,1057936,-7720889,8778825
9468,4267336,-2921622,7188958
9963,3971162,-2718203,6689365
9469,6089376,-1205896,7295272
10697,6029809,4184137,1845672
7909,5940677,-1273560,7214237
7838,9404664,9160628,244036
780,6023113,-985286,7008399
9573,5503838,-3989976,9493814
7589,6268186,5898482,369704
7891,9613856,623736,8990120
14051,7673054,-630126,8303180
76703,4436195,1174071,3262124
74563,1841078,-1726233,3567311
74671,9652149,726149,8926000
14221,5565515,4425348,1140167
786,2575436,-1912640,4488076
777,8394447,7645870,748577
10082,3360295,-4240391,7600686
74673,5699428,-2447808,8147236
3860,5537527,-1062838,6600365
7750,4568454,879501,3688953
74616,8557111,-1189909,9747020
764,5771968,3334470,2437498
75473,9114351,5982272,3132079
765,8944291,1394610,7549681
10083,6768808,2837255,3931553
13329,3338717,-1948667,5287384
8700,9171193,6079046,3092147
3873,2074358,-1457878,3532236
752,4730860,-2708287,7439147
755,4135258,-307032,4442290
7130,5193810,-2602298,7796108
70355,6096556,-1966475,8063031
74668,1157306,-1358653,2515959
2955,4520688,-3909741,8430429
11937,2090623,-3422127,5512750
13386,9344640,1641715,7702925
8881,4417427,1299581,3117846
7754,4158533,3981719,176814
13417,5698222,2566409,3131813
76766,4648768,-2565524,7214292
76493,5100968,-4725829,9826797
785,9717072,528694,9188378
781,2607756,-3623394,6231150
767,1730136,-2077614,3807750
75412,1933244,-3968104,5901348
74667,9746796,6333748,3413048
75313,1722049,-4960214,6682263
7636,1960328,-7072252,9032580
7876,8048189,-348507,8396696
7840,4254818,-5287208,9542026
75161,7021801,-284630,7306431
10915,4317101,-2028874,6345975
761,6442480,6323752,118728
8846,3872443,-5239300,9111743
779,2596752,416639,2180113
14095,4917454,1975354,2942100
7743,2894857,1119871,1774986
8882,2366486,-4294940,6661426
7787,7598290,5593757,2004533
11938,4723775,1471833,3251942
13354,2355832,-4001456,6357288
10407,2147637,-5741402,7889039
75400,2846980,-2122819,4969799
775,8886114,2149290,6736824
753,1149577,-4104610,5254187
7590,7771018,5730257,2040761
75317,4183953,884192,3299761
7796,1874135,-1029453,2903588
7896,3052162,-5990423,9042585
792,9000607,5063843,3936764
76948,1425290,-6853051,8278341
7895,3296557,-49829,3346386
72454,6735201,343689,6391512
8187,8728725,4422397,4306328
7775,8886094,2313094,6573000
76991,8685402,864156,7821246
75735,7056878,695860,6361018
7591,5982262,2802627,3179635
2947,7705317,667443,7037874
8963,8805853,2332347,6473506
10899,1894037,845359,1048678
76696,8431846,1669092,6762754
79761,9374146,430978,8943168
9802,5991976,769888,5222088
74565,2570414,-955637,3526051
76335,9668234,5627922,4040312
76954,5204978,64433,5140545
7779,9627281,2320334,7306947
7789,8488180,4325666,4162514
763,2441673,1619093,822580
76670,7151787,1080138,6071649
76830,9944981,4429384,5515597
11272,4573961,664254,3909707
5091,9247303,-7506,9254809
7839,6433744,-782721,7216465
7837,3975698,3096932,878766
7833,6119296,3515541,2603755
7859,8860862,4034717,4826145
8720,2655445,-5950407,8605852
766,8510538,6631528,1879010
14764,6915822,4635884,2279938
4150,3793350,-1474083,5267433
9536,6595063,1864355,4730708
757,5652755,-1685947,7338702
74239,1715579,242792,1472787
10613,5953883,3510353,2443530
9776,8507140,4712351,3794789
7233,1486699,324816,1161883
10914,1407063,-4552149,5959212
7371,5664550,423388,5241162
75448,6416844,1073694,5343150
11762,8077675,-1224262,9301937
7997,8379171,6661699,1717472
13546,7955552,1766916,6188636
74596,5983597,-936313,6919910
7620,9094678,4051545,5043133
13269,7141120,-1970569,9111689
74558,2731924,1523382,1208542
74827,8799306,-930573,9729879
768,3034592,-5263004,8297596
72424,8305967,2703255,5602712
72396,9118829,3110987,6007842
772,8139102,-1494511,9633613
72396,5423301,-938230,6361531
1339,3672151,1893690,1778461
11290,7882956,-11989,7894945
783,5707535,-2971843,8679378
75870,2520450,-237715,2758165
783,6776269,-2985624,9761893
10171,1863817,1695475,168342
7830,8448985,4707752,3741233
70356,3629997,-3204396,6834393
7793,3473285,466620,3006665
75761,8598330,3870759,4727571
9841,4780898,909552,3871346
10461,4468231,-2911692,7379923
8838,2353831,1366227,987604
72422,5411263,3761083,1650180
75632,7987968,6913174,1074794
2769,3099809,-1453258,4553067
75621,2360684,-2867865,5228549
75600,7282180,6514063,768117
75148,9298113,8510048,788065
14932,6016980,2410042,3606938
74214,2464914,-2362286,4827200
17549,9559508,7012793,2546715
7849,6104718,5766271,338447
75354,7252839,3875051,3377788
75451,5669403,2089580,3579823
75691,1926790,-1173578,3100368
3859,1367059,1125949,241110
76483,2446045,-2553008,4999053
7581,7929930,-1504404,9434334
9537,9753082,1141752,8611330
14363,5601612,-2975229,8576841
76135,5532432,1095830,4436602
76350,3474958,2141711,1333247
7249,4475926,2093221,2382705
10210,8785708,4664641,4121067
11916,4694209,4024879,669330
76404,5244963,-154226,5399189
10081,9309384,-8538,9317922
14189,2960118,-4886381,7846499
14253,2402539,-386438,2788977
7807,1297817,-3470359,4768176
74731,5912664,997711,4914953
79396,4320722,-2903936,7224658
73836,2708461,466873,2241588
2871,6313300,-2453725,8767025
8835,4493531,-5369763,9863294
76997,5137333,-2061992,7199325
75889,3877774,1113505,2764269
5032,5703481,-1199754,6903235
75890,2395909,-6574717,8970626
10286,3734914,-4154134,7889048
13263,1337001,-3017247,4354248
76776,1383447,-6075088,7458535
7656,3415101,538187,2876914
9485,6011884,-1174421,7186305
7532,5909045,2295244,3613801
9720,3989329,-5463658,9452987
76839,7246240,1366602,5879638
11424,1970171,605226,1364945
70083,7176427,6847923,328504
7583,5105346,-4803901,9909247
76763,7154268,-1096208,8250476
16922,7509230,-2301196,9810426
11932,2844463,-4860171,7704634
10395,9656553,2272342,7384211
75888,6920987,-604445,7525432
13353,4679879,-2443327,7123206
7710,6565459,-1597477,8162936
9277,5103949,4637071,466878
2788,1284746,-1378731,2663477
7609,1857582,1366525,491057
76411,5760674,1284460,4476214
11540,3014387,495977,2518410
7294,7806850,5630195,2176655
76580,6761587,1130435,5631152
7657,5785730,3755169,2030561
7315,8202792,-229272,8432064
76748,6061130,1518805,4542325
10609,8423844,1585889,6837955
7380,5877951,-928434,6806385
7360,4945329,4360432,584897
7345,7217399,1517763,5699636
76676,8579927,2280374,6299553
10972,2827849,1060893,1766956
7310,9660055,4596421,5063634
75458,4726762,-1458934,6185696
14142,6315872,3918039,2397833
13451,7017165,-847719,7864884
9960,4779882,345345,4434537
3869,6096848,-3288020,9384868
13154,7827418,4903288,2924130
10750,7291986,5563388,1728598
7337,1786091,316439,1469652
7938,6469916,2351995,4117921
7340,9049948,5865559,3184389
76673,6947162,-2371089,9318251
7318,4042234,-783492,4825726
7665,2462522,-4973904,7436426
76920,6640175,4910651,1729524
7879,3437035,-69153,3506188
7949,2784154,-835223,3619377
76778,3630479,-1000722,4631201
7327,1616896,-837752,2454648
7799,9996842,4439662,5557180
7381,7492841,1296388,6196453
7448,5229865,48325,5181540
76961,1933124,1438272,494852
7486,1417952,-4226027,5643979
75921,2760260,2249265,510995
74164,3098273,-534224,3632497
75353,1921693,-4589413,6511106
2953,3849112,-4150256,7999368
7736,7406049,-893214,8299263
8844,9838879,1081956,8756923
9310,6328735,4984629,1344106
76941,7464131,2109442,5354689
11549,9060736,3671986,5388750
9441,8202755,2498464,5704291
76562,7742221,4638953,3103268
14204,2473919,-4325565,6799484
7660,4703201,4287851,415350
762,3123663,-5627704,8751367
7630,4675217,764958,3910259
79271,5681403,-2632698,8314101
796,9449415,8676597,772818
10052,9070443,5649993,3420450
16603,1354543,-7345425,8699968
7733,5490847,3978253,1512594
76561,9161012,763509,8397503
7641,5571824,1813098,3758726
788,5784506,-1229269,7013775
76814,6552195,-970856,7523051
776,5233310,1384919,3848391
76702,9001420,3360093,5641327
794,6664470,5948299,716171
7875,4555252,3016150,1539102
7776,3793321,-3349840,7143161
754,6952789,3154908,3797881
756,7305187,1460183,5845004
7887,9109020,1125126,7983894
784,5803509,3153144,2650365
75447,8444025,4683564,3760461
774,6605163,-2061286,8666449
15872,5976929,5205133,771796
3467,4017313,-2211913,6229226
13355,7953309,7636555,316754
75267,2742565,2143607,598958
75873,5355104,1070549,4284555
15953,7539097,5428301,2110796
793,1393432,-4885480,6278912
7749,6379590,-2318783,8698373
7190,5703973,3471520,2232453
787,1293756,-4455356,5749112
7625,3716818,1380428,2336390
2900,7429629,1112449,6317180
7903,7973728,-1355890,9329618
778,5260510,-2128310,7388820
10521,6047552,2390040,3657512
15776,5429180,-3310416,8739596
751,7474488,4962591,2511897
7661,4433293,1876122,2557171
760,4851313,-75036,4926349
7708,8430693,2419001,6011692
76886,1057748,-5403629,6461377
72780,6760428,-2433494,9193922
8994,4585338,36914,4548424
9992,3626917,-993960,4620877
14456,3167133,1587087,1580046
75941,1865327,-657524,2522851
75819,1154730,571123,583607
11147,2931604,-670819,3602423
7284,6669336,724633,5944703
72870,7586768,216695,7370073
72786,4350896,674984,3675912
2867,4220472,1897808,2322664
72781,4279712,1381178,2898534
795,6342452,-775886,7118338
76545,1864053,-6689748,8553801
10403,6527046,4286162,2240884
76678,3138155,-6630346,9768501
10293,5481188,1314006,4167182
79209,8902119,5702541,3199578
9665,3482063,-4648138,8130201
13697,6429834,-2115532,8545366
75879,4024681,3021776,1002905
11541,3534276,-2854964,6389240
10243,6894897,1895341,4999556
10287,6609674,4442113,2167561
76598,9783626,7616638,2166988
76326,8988311,8744788,243523
9787,8324207,-639915,8964122
10873,3479455,-6227687,9707142
75287,9845583,6751196,3094387
70018,4224195,3312469,911726
17193,1495019,-3665442,5160461
75869,5523532,3600159,1923373
10522,8380487,1883261,6497226
10404,4705652,-2168480,6874132
2577,7524813,7216558,308255
2814,6700151,-2985421,9685572
75857,7475512,1844911,5630601
72418,7328156,6786097,542059
8845,7942631,1698282,6244349
75532,5355603,-1851447,7207050
10292,5082603,4581015,501588
76739,7178184,1959705,5218479
13293,5872921,2781518,3091403
3880,9699091,4015782,5683309
75430,8665756,3579945,5085811
17208,8781727,7239398,1542329
79709,3338536,-4787649,8126185
76917,3281750,1234713,2047037
10417,4125989,1765904,2360085
7618,6267598,-2919524,9187122
9774,2774757,-3204233,5978990
7822,7590869,-1799274,9390143
16055,7183695,-2184758,9368453
13590,1044052,-3179631,4223683
75485,9260254,4114375,5145879
75519,6870820,5247076,1623744
75518,7226757,6895063,331694
76858,8704290,5601500,3102790
2598,9411497,4615700,4795797
2954,7324401,922026,6402375
76597,7191070,-1012580,8203650
76734,9942629,5913741,4028888
2242,7670344,554808,7115536
76522,8372280,2467404,5904876
2348,4474307,-5152493,9626800
2400,9980101,5100593,4879508
2290,8219663,767736,7451927
76603,1069366,-7333957,8403323
2321,9681806,133267,9548539
11857,7572314,4121625,3450689
2563,1286518,-1457166,2743684
2534,5027848,2502226,2525622
17198,8987985,4227656,4760329
9572,2203605,-7121065,9324670
76565,2423609,-2122348,4545957
14063,1014452,-5015496,6029948
76986,1202865,-4240498,5443363
76765,9829459,2042657,7786802
7937,6867401,5695672,1171729
75493,8222664,5179061,3043603
2796,6330346,1840732,4489614
10977,8276257,5766453,2509804
8966,6825082,4366497,2458585
11740,1629035,-4027795,5656830
75241,4968871,3621963,1346908
13543,7568038,3682339,3885699
76674,9822148,4726327,5095821
78040,5115268,2137409,2977859
75897,6855935,411074,6444861
75292,4325174,-772885,5098059
11291,3391673,1629014,1762659
76138,4917204,3810490,1106714
14771,4167691,-544139,4711830
771,4453528,-2790723,7244251
10844,1256092,-56886,1312978
10978,1234686,-767288,2001974
15781,4002604,-4226410,8229014
11547,8792656,4143220,4649436
3481,7305217,4993804,2311413
3418,9409274,5452776,3956498
16136,5521005,-3875588,9396593
74211,4237721,-6449,4244170
14111,4526470,-4333686,8860156
13807,2164303,-2789598,4953901
8989,5796172,-214281,6010453
744,3882803,-5174114,9056917
8836,2964381,-2863401,5827782
74387,9900416,8150478,1749938
74387,7384460,-251574,7636034
16053,6179621,-2607338,8786959
74128,4823900,-3040582,7864482
7834,2807364,-4387832,7195196
13690,9292849,4606397,4686452
74173,6083258,145345,5937913
733,6752664,971058,5781606
7694,1908947,-7258777,9167724
740,2224130,-5908864,8132994
74194,5446538,-1962932,7409470
7744,2871752,2240061,631691
73721,4148071,-1001295,5149366
74249,2251513,-6664082,8915595
11965,6941315,4766716,2174599
3975,7737969,-1073473,8811442
7634,7206224,6937757,268467
76257,6067284,-1315331,7382615
74116,4923341,2830144,2093197
7607,7256195,3720906,3535289
74244,9950621,826416,9124205
10964,8390559,1163747,7226812
7598,5004118,-2977760,7981878
76204,6438946,4827554,1611392
7401,3069038,-1101819,4170857
7827,2370078,-4724343,7094421
7480,9954437,9245076,709361
7423,8422902,1005123,7417779
8743,7356052,-1939446,9295498
732,6690130,2330041,4360089
79350,7341728,6297747,1043981
15772,4291354,-1066168,5357522
9796,4073906,-4027756,8101662
11383,3539886,1900919,1638967
74137,4514976,-755422,5270398
7402,3648420,-4454049,8102469
7311,4202861,-4523449,8726310
15636,7860430,191692,7668738
79367,4511015,-4350371,8861386
74334,4207686,1603568,2604118
7821,1528691,-3300801,4829492
9376,2717528,-6508798,9226326
79488,7728565,3949836,3778729
7714,9822781,1810121,8012660
9835,9330319,7859994,1470325
74191,3232274,-5973651,9205925
10240,1161035,-3748463,4909498
75357,2055280,289452,1765828
11313,2913791,-827071,3740862
74138,7284722,1347181,5937541
74136,4360495,2204046,2156449
7688,9424359,2003178,7421181
11686,1735134,-1138291,2873425
76127,8425894,735602,7690292
7643,4509878,1806744,2703134
717,6099327,-2948144,9047471
13930,9018929,2953868,6065061
74435,6675391,5959744,715647
7453,2902749,1293899,1608850
7915,8725573,-1147198,9872771
76258,1582114,-5660192,7242306
11310,5135965,204804,4931161
13762,9485897,3728173,5757724
7628,6175428,2022299,4153129
709,6469082,-281712,6750794
11184,9491668,-496493,9988161
7387,6964359,-2129784,9094143
74172,6755019,4741244,2013775
76792,2498946,-3449065,5948011
746,2251504,-1872782,4124286
7290,9738171,7467973,2270198
13809,8473548,6401926,2071622
73917,5349454,-716585,6066039
7347,9859445,3257,9856188
72465,3328281,-1152662,4480943
75665,6470683,-2144502,8615185
74166,2336823,162667,2174156
7593,9749253,545146,9204107
73960,9553268,4464685,5088583
10641,7744280,2107235,5637045
7871,6490818,-153726,6644544
7437,6037562,4581557,1456005
11129,8242259,3049165,5193094
79358,1630019,-6373618,8003637
76919,5295129,2031125,3264004
3502,3750318,3517292,233026
7689,4612828,-1872829,6485657
747,8170639,594184,7576455
710,2565033,-3919645,6484678
7906,4926471,4613005,313466
7323,7234028,6520887,713141
79722,5432946,-3501790,8934736
74698,8900522,2301569,6598953
75832,9030619,8228943,801676
742,6035947,-890777,6926724
2981,5191810,1365607,3826203
7605,1778058,1184758,593300
76386,3076897,-2038593,5115490
7631,8151777,6947755,1204022
9937,2258155,-7038063,9296218
7703,1527253,-5024775,6552028
72311,3338866,-2080630,5419496
75833,1475341,-3750949,5226290
9356,6124355,318846,5805509
7619,9357693,7494528,1863165
7730,4533970,2678055,1855915
74203,1492063,-2735678,4227741
7526,3578653,3170801,407852
8018,6314943,716453,5598490
7825,2406077,-6551294,8957371
7562,8327015,6206441,2120574
2858,1935030,-7079686,9014716
75347,2307763,-6769253,9077016
76966,9260754,8494322,766432
731,5232636,4300833,931803
7873,5518277,-1131163,6649440
74232,5807679,-2082180,7889859
3569,2083965,-5322121,7406086
11050,3560943,2800599,760344
11515,6058674,1619249,4439425
79723,9130080,8224923,905157
7556,5410752,3944154,1466598
11685,8960069,6562781,2397288
7870,6806402,-1306970,8113372
9987,5468544,3258289,2210255
72219,9381213,8439117,942096
7908,8131472,5152321,2979151
11051,4212783,-5779983,9992766
16798,3460184,675895,2784289
9496,2727552,-7029341,9756893
74124,3139148,-6073761,9212909
16345,6037952,2234288,3803664
7648,9904907,8056446,1848461
7648,8525685,6474678,2051007
76256,3699137,236527,3462610
75851,5834342,689490,5144852
14168,8832940,1917900,6915040
11964,9221122,6962399,2258723
10780,7618719,228039,7390680
76278,8546141,2084517,6461624
8713,9171680,3509627,5662053
14167,4992708,-3728814,8721522
7600,6554290,810513,5743777
74447,3284229,-5950039,9234268
76543,8770558,-494500,9265058
75854,4785600,3803854,981746
75853,7118167,3044030,4074137
7330,2758947,-2620088,5379035
76644,4890126,2153608,2736518
12480,4250556,-3065958,7316514
74152,9216649,2429457,6787192
72732,7564614,6941232,623382
7257,7147885,-1024496,8172381
7868,5670578,36950,5633628
3938,4422225,-4600173,9022398
11130,2680456,-2328133,5008589
7517,5842761,-3678845,9521606
15490,7995268,670958,7324310
70336,3846144,781674,3064470
16892,6243531,1916194,4327337
74154,1474267,-4975651,6449918
76946,7654059,-672532,8326591
7707,6900199,1972006,4928193
14291,3577213,-1734223,5311436
74294,4874888,-1414112,6289000
74699,6218103,-2778470,8996573
75944,4429109,-1768196,6197305
748,2466471,-563095,3029566
10963,9045085,7340267,1704818
708,9143191,2457068,6686123
74180,3467394,-319032,3786426
7312,3869932,-1054880,4924812
9836,8739820,1853085,6886735
75875,6049993,5051466,998527
7365,8315489,626205,7689284
74148,9920873,3177214,6743659
79425,5794144,2612225,3181919
76884,1094192,-4168093,5262285
11631,4585341,2077208,2508133
8714,2645652,1834169,811483
74860,8844470,3004457,5840013
79779,8091864,7330306,761558
75297,1274204,-5609066,6883270
75751,2042540,1229960,812580
10725,7245637,2912940,4332697
7240,1909382,1586251,323131
70004,6249877,-1411679,7661556
75886,5666657,4530042,1136615
2749,9054624,4566878,4487746
10439,4799215,-2664228,7463443
7845,1367446,-7219487,8586933
7815,2765000,-162702,2927702
11247,4788222,4080170,708052
7865,3571294,-1752728,5324022
7784,6631992,-1169466,7801458
7759,8397371,-1069137,9466508
719,8951527,6136800,2814727
7765,7111592,4697137,2414455
728,5663849,-580278,6244127
7676,4952270,-2868562,7820832
716,8770865,-1168297,9939162
7569,8368509,7437484,931025
75702,9855569,8357476,1498093
2748,2037516,-25490,2063006
7760,6165249,3473673,2691576
7685,4138428,-2823150,6961578
7281,6339584,410653,5928931
725,6064609,-3293196,9357805
735,5026007,2824753,2201254
726,2655842,391884,2263958
735,9989700,3466112,6523588
7369,1252839,-3101038,4353877
7369,4289295,1498653,2790642
702,3740772,-4176667,7917439
11036,8688867,3082198,5606669
9392,7233527,6318313,915214
7900,8547599,3557009,4990590
712,7030057,-430246,7460303
9793,5933473,-3198719,9132192
7715,8137058,506266,7630792
11480,4493394,2035218,2458176
7610,1804834,-6048008,7852842
8666,1155501,-8738689,9894190
13234,3846729,-3239627,7086356
8759,6731977,3303545,3428432
8665,3649994,-858967,4508961
7877,3181288,-4288186,7469474
11869,3379752,-5320779,8700531
76882,1379882,-1561820,2941702
7435,7733736,5858624,1875112
75238,2847670,-3825353,6673023
10229,7074122,6516407,557715
8076,6129279,-342224,6471503
75425,3326621,-1432261,4758882
7892,3241401,417103,2824298
15122,6964659,-1410864,8375523
74866,2301876,-4989995,7291871
10898,4163026,-4136991,8300017
13641,6362542,1858109,4504433
74837,1985379,-5756963,7742342
7237,8112161,7825597,286564
7762,5951057,706649,5244408
7172,8846040,-97988,8944028
722,2312821,-2539359,4852180
7621,8736135,-897498,9633633
7632,8977233,1724535,7252698
70302,6745987,5940971,805016
7457,4538302,-2124916,6663218
74162,3024272,-6796798,9821070
13235,3278588,-1935356,5213944
70012,4493876,-4214577,8708453
75807,8410817,8093835,316982
72453,1144273,-1427715,2571988
7409,7072676,4151719,2920957
13593,4347040,-1081788,5428828
7596,2778971,-3488283,6267254
729,9847585,103075,9744510
9317,3691805,2320159,1371646
7572,1494794,-6908554,8403348
7460,4381848,2660610,1721238
7706,4091575,-1478472,5570047
74153,9880263,6023299,3856964
3716,5878678,-1237521,7116199
74453,1830757,1251364,579393
720,8071439,4797387,3274052
7415,3597764,2611700,986064
14173,9764849,-64486,9829335
7350,7130385,2079365,5051020
74538,6651428,-1881444,8532872
70055,9419819,715796,8704023
715,2777688,-4905957,7683645
723,2379786,-2571119,4950905
76279,1339578,-8349078,9688656
7820,6532465,6306188,226277
7412,7009909,6842188,167721
7299,2051517,-686495,2738012
7527,5479174,-4419579,9898753
7764,7959390,4733947,3225443
7389,9903849,708446,9195403
7554,5525876,-3305347,8831223
14374,3453361,-5317350,8770711
75782,9300545,5353695,3946850
73801,2481675,-5963725,8445400
2986,1320851,566395,754456
7319,1997393,-4849757,6847150
7914,5883279,-739730,6623009
7615,6581891,183171,6398720
703,9184876,2636813,6548063
75942,5560961,492145,5068816
743,5677117,-2202675,7879792
7579,2319436,-1640005,3959441
9524,5645708,4959666,686042
4175,2622180,-2146049,4768229
74442,2290544,-5716889,8007433
7817,9134472,836733,8297739
7305,7681985,5310867,2371118
7568,2299794,-2304771,4604565
7231,3688564,-2419350,6107914
749,7921842,4448588,3473254
14482,1983329,-4695672,6679001
76295,7935127,3080769,4854358
7516,1642801,-7155421,8798222
74150,7864746,-1851412,9716158
7452,6476035,-942424,7418459
7904,1959199,-4077634,6036833
701,2689898,1994796,695102
13182,4582959,-406004,4988963
75855,9684491,5914112,3770379
74909,5698422,-350993,6049415
11824,3210725,-5977357,9188082
70379,1345759,775313,570446
741,5276725,-2919216,8195941
10090,4551117,-2551650,7102767
8136,6873667,1118786,5754881
76280,7337439,5243809,2093630
7368,7973105,3718310,4254795
7372,3131314,-63485,3194799
14526,6240002,5512643,727359
7585,7387527,857744,6529783
74272,9121904,3351552,5770352
714,9206386,8435067,771319
7529,9999933,2131258,7868675
79478,9251151,7430773,1820378
721,1010527,-3023814,4034341
75346,9821229,8281555,1539674
730,1006930,-3227336,4234266
74440,7157298,-881133,8038431
7334,3845910,-5340124,9186034
73933,3839040,-495341,4334381
7578,6043231,-696225,6739456
76427,8635849,5152499,3483350
7816,5957231,-1265643,7222874
76591,5563377,-3050416,8613793
11208,2583314,-3465882,6049196
11688,3868726,-5982217,9850943
9280,9645445,484147,9161298
74370,8423121,3005604,5417517
74215,5676552,1531278,4145274
7322,6621883,-3021612,9643495
7729,9654695,6298885,3355810
79357,1024597,-869900,1894497
7322,4272451,-3418359,7690810
7242,2692969,-1028400,3721369
10091,2946277,-5833974,8780251
7321,2664788,61436,2603352
7479,3398334,-2058337,5456671
10601,9344546,5458439,3886107
7537,3766299,2845912,920387
70321,2302927,1846089,456838
737,8659607,5656025,3003582
74358,9274869,-213762,9488631
74246,3421145,2926052,495093
705,7118185,-1236912,8355097
11153,1424087,-2836633,4260720
79696,9333508,-595353,9928861
2804,3658492,-6123736,9782228
74726,3586560,-4210872,7797432
7803,5301024,2533539,2767485
706,5834236,4951018,883218
74332,2593090,-4769118,7362208
718,5955838,-3500218,9456056
74904,3409083,2877664,531419
74274,1071872,-1411097,2482969
713,8265875,1123209,7142666
7666,5182865,4496033,686832
16038,1350623,-3491835,4842458
7671,5776738,-2687843,8464581
75320,4949921,4381643,568278
76379,1917464,891525,1025939
74175,3359516,-6434739,9794255
70035,5794347,280224,5514123
13673,8295572,2877934,5417638
2829,2432248,-3219487,5651735
7814,7403411,5959639,1443772
727,9166672,4477774,4688898
7662,8897601,1912364,6985237
74223,5069434,-1516964,6586398
3511,3548251,-1312598,4860849
76956,7674448,544893,7129555
2805,6088933,-1067217,7156150
7524,5846972,894408,4952564
7866,9434747,5996896,3437851
74142,9809625,8797278,1012347
11825,1543355,916791,626564
2770,8435771,4259577,4176194
74719,7901346,681604,7219742
76378,1859301,-1294831,3154132
7731,5202907,4280434,922473
739,8333638,989598,7344040
7606,6993034,-2124383,9117417
707,9571007,168515,9402492
74222,4750942,-138189,4889131
7286,7814500,-247892,8062392
8773,6586341,2711514,3874827
76387,3547252,-6429986,9977238
8721,9933143,4871751,5061392
8764,9290713,8677214,613499
74104,7486913,1508378,5978535
10706,4972517,1767163,3205354
74235,8507794,2743869,5763925
76785,2707408,-4720079,7427487
74470,8195642,7794172,401470
7734,4633824,-3613349,8247173
7476,7831932,6487482,1344450
5193,5615414,1432470,4182944
13622,3710529,144084,3566445
11574,7165503,-679454,7844957
7677,9269715,-616433,9886148
76485,9963900,2758695,7205205
7965,7631629,4036199,3595430
13334,3170390,-226683,3397073
7693,2733229,-2782705,5515934
79247,3206635,-3267617,6474252
79409,2885016,-5632678,8517694
7410,4906067,-4736475,9642542
7809,7823062,3793500,4029562
76205,5069346,4244824,824522
2980,8218367,976838,7241529
76871,1753966,-6793624,8547590
74438,3987905,-5907570,9895475
73813,9429420,5634565,3794855
73772,9682869,1954446,7728423
8635,3220025,794466,2425559
3764,7647564,-1329215,8976779
74319,2988117,-3329866,6317983
10622,7790239,622097,7168142
76803,8631882,1575811,7056071
72989,4473838,-378017,4851855
11151,6684671,6324040,360631
7918,6513960,4084073,2429887
10882,9641815,5108657,4533158
76741,7653252,-544943,8198195
76850,5807161,5317057,490104
76136,2161142,-7245815,9406957
10621,2719187,-3954862,6674049
73724,1952075,1600681,351394
2803,6529280,4986421,1542859
76384,5743641,-1136456,6880097
7265,3013236,-3452932,6466168
11772,3075535,1852555,1222980
9677,6976342,4471572,2504770
75500,4343582,-2751047,7094629
2982,7145433,-1325509,8470942
76602,3839790,990303,2849487
76423,9898461,6494176,3404285
9732,1634876,-3813874,5448750
79208,7154806,275186,6879620
2990,6273376,-89146,6362522
7794,9275285,4635060,4640225
76496,2458435,-6416150,8874585
4139,1323181,-3179578,4502759
75301,8800185,8580188,219997
11575,2415661,-6491740,8907401
7828,6716848,4722366,1994482
72863,7217984,6074757,1143227
7422,2318937,-2026199,4345136
70082,2209171,443470,1765701
7869,3138179,1270140,1868039
74419,3610801,-6268760,9879561
7778,2811252,-1681905,4493157
75785,5947975,-1835549,7783524
10847,8757795,-623328,9381123
76526,4454612,-5479601,9934213
7919,9127433,5024805,4102628
13663,8043032,-1923379,9966411
79477,5844251,-204980,6049231
72971,3069289,-4916748,7986037
9936,6394894,5699879,695015
9806,7477966,2262526,5215440
76852,6065706,-3151984,9217690
11576,2290330,-1515942,3806272
7893,5721959,2489666,3232293
8775,6481525,-2881576,9363101
9377,3136192,-101184,3237376
13774,8523411,5413229,3110182
76861,6620835,-1626270,8247105
72798,3079010,-4631853,7710863
9315,4019010,-286958,4305968
7847,6372857,-3499687,9872544
738,5884773,1942752,3942021
76866,7305804,6449415,856389
14272,1677309,-3945979,5623288
13912,5112715,4724678,388037
13550,8265130,3017595,5247535
70042,8580356,4741808,3838548
7293,7023987,-269666,7293653
14196,4577626,-2366377,6944003
76324,2108756,-1446415,3555171
7571,7366127,-1226124,8592251
76963,8218212,4926754,3291458
724,4751376,-3596857,8348233
11079,3559971,1209467,2350504
7604,3229448,393999,2835449
10987,3602713,966358,2636355
7264,5697396,2462602,3234794
2806,2349704,734485,1615219
75417,8216971,6553283,1663688
7846,9764308,3532640,6231668
75462,1973063,-6323402,8296465
70304,4021686,-942167,4963853
7856,2663616,759258,1904358
3970,6011633,3998285,2013348
76323,2379987,-3096805,5476792
75985,4250495,2511430,1739065
72927,9521953,3634401,5887552
76976,6901846,1558473,5343373
7857,7980872,1817168,6163704
7757,7368697,1868071,5500626
76953,4315597,354681,3960916
72570,1207250,-7762429,8969679
13674,6242073,-572018,6814091
70364,4493107,-892656,5385763
745,9718595,6205345,3513250
10985,2684430,691212,1993218
17540,7371086,-1148631,8519717
7780,9443397,2756029,6687368
2807,4645053,-4315182,8960235
11076,2684966,-5529791,8214757
76546,1450677,-1256067,2706744
72925,3325195,-5692138,9017333
76940,3740801,-1699528,5440329
7487,6746108,6426952,319156
6155,8686365,1231253,7455112
7724,4899596,-4693308,9592904
79245,5239371,-2719141,7958512
79474,9314568,5442870,3871698
72964,5990605,2116260,3874345
10093,8170422,7963014,207408
3931,6376845,237288,6139557
7966,9431971,1280801,8151170
7440,6371563,-2872931,9244494
76951,3298212,-2977846,6276058
7467,8201425,-887617,9089042
9316,8835044,2559167,6275877
10705,7251536,1208847,6042689
73766,3088583,-4789454,7878037
72919,3606281,-5618716,9224997
7763,1309854,-3852193,5162047
14534,4981724,-3498363,8480087
10925,3066283,1484205,1582078
3868,4906888,1554266,3352622
73755,6473087,319878,6153209
79362,6847607,2523694,4323913
75408,5552668,-2564705,8117373
79326,4829087,1230980,3598107
75407,4904970,4016568,888402
7495,7737395,2034095,5703300
14535,6384861,-3236715,9621576
79475,2481519,1901562,579957
7848,4331921,-582609,4914530
79314,5776848,-535760,6312608
75701,6216206,-2070692,8286898
11312,4816059,2314400,2501659
75164,2418446,-560461,2978907
70056,9962407,3521417,6440990
75931,4318975,3531650,787325
75932,1909332,-4524424,6433756
16360,8814912,8473383,341529
7867,8071908,3894846,4177062
7308,6766272,2882515,3883757
10092,6998465,-1436219,8434684
76536,9661519,8314576,1346943
7478,1008250,-709323,1717573
7819,5343903,4985228,358675
73713,8534863,801214,7733649
14417,8604008,7633583,970425
79406,8550292,2280905,6269387
9731,5250418,4423190,827228
79201,9706100,8577417,1128683
7911,1284857,-1763272,3048129
7894,9024313,5370818,3653495
7542,2878874,-652642,3531516
7298,2838011,-6241968,9079979
73889,1793534,-1183564,2977098
72935,3169776,1642825,1526951
76392,7285079,653544,6631535
11210,4453728,-3085697,7539425
9678,1324538,-2501765,3826303
76823,7941648,3731333,4210315
8774,8089313,5237187,2852126
7720,3905196,2816903,1088293
7766,7126998,5920029,1206969
79476,1304784,-5202252,6507036
8888,3839350,-2396524,6235874
79315,3499499,614494,2885005
79239,3011002,-3138545,6149547
10926,6394115,2476994,3917121
72979,8753856,1306371,7447485
14418,3436673,3224183,212490
11659,7458914,-1179466,8638380
72970,2922359,-3601319,6523678
72899,5155023,-4026706,9181729
79268,1356913,842281,514632
79373,4310530,-909047,5219577
79363,9773660,7290059,2483601
11573,9657667,8210400,1447267
7756,4710297,4137752,572545
76892,5819817,4983551,836266
76685,8380893,7686367,694526
73894,7334760,-412941,7747701
75783,6407123,5757940,649183
72949,3737808,-4550823,8288631
9272,7353502,-1054562,8408064
13258,6431726,-3491070,9922796
76569,6174166,-2148385,8322551
76100,2728854,-60743,2789597
2970,7488751,4180115,3308636
8495,2184056,-4328429,6512485
13656,7195444,3445329,3750115
15584,1048230,-7421315,8469545
16019,8910344,2488856,6421488
76118,4088280,221030,3867250
8529,6705182,1432745,5272437
8270,7282687,5921447,1361240
79410,8672458,8277883,394575
8171,4661382,-3316505,7977887
76923,8288950,1841257,6447693
11077,7437388,-1118550,8555938
76134,3994195,-2614566,6608761
8220,1356907,-2796123,4153030
8875,3980253,-651027,4631280
9715,2705219,-3281392,5986611
13203,8372621,-1584572,9957193
73929,1711575,-1197204,2908779
9361,9924677,3053369,6871308
8715,1194063,-1115540,2309603
76480,6628330,-2906986,9535316
8245,5050251,-2001952,7052203
11152,4131097,3031499,1099598
9851,8643625,2797970,5845655
11660,3391898,-4520972,7912870
11080,9474452,5773775,3700677
72978,5374435,-185894,5560329
11209,3655499,-831195,4486694
9784,8289158,358810,7930348
3447,2845755,-4202278,7048033
9785,3841918,3377928,463990
17002,2053075,468443,1584632
75490,7509019,858596,6650423
13680,5223851,1808546,3415305
75719,1189990,-4176179,5366169
14122,7308700,2195437,5113263
10605,9327982,1627390,7700592
11640,5717257,-2094980,7812237
16923,1599462,-6122247,7721709
11926,3065698,-6349232,9414930
8448,7462060,2748803,4713257
70058,6775896,5508459,1267437
8517,5197790,3236896,1960894
75827,8539486,-147622,8687108
11269,2778966,-830465,3609431
11059,1131103,-1668736,2799839
8540,6566363,3903201,2663162
11922,6674699,745019,5929680
76588,7885621,6551925,1333696
11058,3140059,-4386412,7526471
70320,7671617,3122893,4548724
14437,2080933,1758738,322195
76689,8011929,1810195,6201734
72867,7040660,3192112,3848548
8486,8782302,1962997,6819305
8374,5543931,-3142005,8685936
8222,6654602,-1574993,8229595
9798,4824727,4300180,524547
8696,7432108,-94089,7526197
8221,9360308,7464356,1895952
8148,8657107,-287346,8944453
79343,2544921,-1651889,4196810
9763,5411286,1986679,3424607
9839,3753719,-2381918,6135637
76466,8696881,2257389,6439492
8325,2055786,-3019527,5075313
11057,7560861,2891333,4669528
78069,3531452,-3104882,6636334
79361,5325387,2638090,2687297
8961,1108523,-653565,1762088
72920,2086482,-3028399,5114881
9994,4449017,-3829781,8278798
72449,4188509,-3373235,7561744
10474,8498441,794737,7703704
76802,4669233,-1086985,5756218
76845,5894594,-2633831,8528425
13504,8441266,3567481,4873785
8602,9322123,3515094,5807029
16318,8168857,1007615,7161242
76590,6234402,-2605617,8840019
17007,4913924,-3845562,8759486
13976,2793483,-1306502,4099985
11656,7239932,6089506,1150426
78077,4379028,-1731715,6110743
3048,6261463,-2247100,8508563
10564,5079031,-204817,5283848
70017,6636827,2416396,4220431
16485,1936722,-3495145,5431867
79375,6146251,5883781,262470
70021,7703670,7092958,610712
79699,6128813,2946031,3182782
9657,3494484,-1516826,5011310
8545,3840700,-5780566,9621266
9364,4086262,-900124,4986386
79397,2235807,657109,1578698
10158,6484152,-1965671,8449823
9840,2792298,-153279,2945577
8214,1583815,-4487745,6071560
8217,9286997,6915942,2371055
8589,2883727,-3339012,6222739
8459,6328910,-1085820,7414730
76282,2032793,-7477433,9510226
79500,2297067,-4526376,6823443
9789,6853154,6454918,398236
8272,6946479,899897,6046582
8462,6150538,-773468,6924006
11189,7209591,4231280,2978311
8218,4014964,-2094384,6109348
8373,9746913,8289827,1457086
75937,2007462,-3856423,5863885
72450,8640850,4167674,4473176
3452,9841556,8967187,874369
75203,2779512,-1204473,3983985
10306,7660104,7063622,596482
2813,6763281,-3229477,9992758
72525,5621638,-2006278,7627916
7144,8767191,255247,8511944
8850,1714526,-6655604,8370130
11795,1154243,-3976156,5130399
72961,3763252,-1149826,4913078
4177,9107206,6464859,2642347
76413,4627502,1554639,3072863
13456,6211760,3076242,3135518
10049,4053394,-3202638,7256032
72569,6887076,2595917,4291159
11067,4830676,-4231132,9061808
9464,5188724,-2943122,8131846
9363,3202324,-827507,4029831
76101,6459513,-301610,6761123
8765,1124359,-3285418,4409777
73916,8082339,6905100,1177239
73818,7620365,6286081,1334284
16134,9785794,5698874,4086920
13421,8361356,8173148,188208
9570,9110348,3264055,5846293
76716,5695152,-2164695,7859847
73878,9558109,4521165,5036944
11969,2459708,507394,1952314
73802,6970382,2279019,4691363
8285,5904189,1618106,4286083
72924,8083889,4043677,4040212
14112,3385825,-3897345,7283170
76149,6165662,313011,5852651
8453,6222821,-874741,7097562
10391,7871039,-537272,8408311
10968,9599108,2255166,7343942
79330,3646872,-4651764,8298636
10691,6044873,-3415987,9460860
9437,3989817,-2772868,6762685
10388,6999428,-75528,7074956
8234,9919437,1271959,8647478
9658,1014041,-4960598,5974639
78090,2190478,325255,1865223
76903,3820719,-364206,4184925
75190,7627146,2213425,5413721
79419,8422776,-927160,9349936
11214,8357436,399659,7957777
14515,2728779,-1632559,4361338
8460,7879728,329510,7550218
8393,6593459,3113025,3480434
8390,4690485,3134383,1556102
8208,5592583,3292854,2299729
75310,5011003,-2246241,7257244
76840,6748578,3357757,3390821
8211,6709844,5681070,1028774
11638,7712278,177529,7534749
8210,1529158,-620083,2149241
72361,6433865,-1940753,8374618
75659,3096161,1149505,1946656
75746,5706244,2059128,3647116
3488,1343588,-4120573,5464161
72362,7487458,-1350208,8837666
72402,3368112,-4810300,8178412
72400,9905361,4742563,5162798
8288,8308988,5881792,2427196
75852,2230445,-2984325,5214770
8240,8546072,1288404,7257668
2971,5444715,-759744,6204459
8216,3268027,-3578397,6846424
16138,3000480,-1821872,4822352
8563,7688258,4162850,3525408
8697,7246987,2158788,5088199
76150,7199268,809332,6389936
14981,6184163,3591329,2592834
10324,3372292,-4447849,7820141
76601,3374088,-579526,3953614
76552,2069540,1859998,209542
8351,3865540,-832459,4697999
8572,9398620,4927740,4470880
73786,8657955,810506,7847449
76129,2923349,-6644372,9567721
10035,6452122,-913835,7365957
11921,8678465,4823807,3854658
16408,2298753,-4131591,6430344
8500,5741835,-2009917,7751752
79297,1478877,-5547406,7026283
8554,2258913,-1801770,4060683
10389,9655506,1953479,7702027
76455,9997963,810414,9187549
11968,4854490,4715248,139242
13475,8136604,2609420,5527184
9362,3937883,-2940524,6878407
10241,3314746,767046,2547700
79359,7076588,4599150,2477438
15707,5157876,-2131029,7288905
76456,1177231,-3283411,4460642
73918,7395889,-1311659,8707548
76939,7960434,1394849,6565585
9499,5247571,338608,4908963
16622,4457780,171356,4286424
76255,9582468,9248437,334031
72999,9618921,8336458,1282463
72522,1373303,-5808705,7182008
10967,5946280,800518,5145762
13922,4063560,-1896928,5960488
79270,2137615,-5776130,7913745
73887,2883971,-4981876,7865847
11967,1529061,-3148248,4677309
14381,6544194,3701678,2842516
79379,2971841,-3204173,6176014
10387,3948935,-4367036,8315971
70010,8326926,4319605,4007321
78064,4945170,-3938816,8883986
9800,1043722,-4368933,5412655
76391,9001653,6308699,2692954
72864,9790577,2590633,7199944
10159,4737316,-1620893,6358209
9465,1083903,570591,513312
10390,1783593,-1913021,3696614
76589,3359701,312803,3046898
15952,7504496,2528694,4975802
14555,8965041,1540154,7424887
9838,6357951,-686505,7044456
76570,4667078,-1475113,6142191
76707,4168733,595347,3573386
13625,3428937,2287242,1141695
73885,8459822,-1477024,9936846
8962,7040896,5143221,1897675
16065,5642174,4603692,1038482
8582,7546346,2284625,5261721
72594,5867377,132136,5735241
13481,7426465,-2057412,9483877
3574,4466152,3661774,804378
73729,4805210,-1902734,6707944
76568,4745453,611602,4133851
9801,5191720,-1523481,6715201
11761,8359730,1318944,7040786
1541,2453197,-1292079,3745276
9279,9234785,291468,8943317
5024,3484232,-1009635,4493867
10469,1571596,-4948828,6520424
4185,6985492,708033,6277459
10876,1511768,-4511214,6022982
9727,5544383,5389304,155079
76292,6373259,2615725,3757534
10525,4041317,-1184312,5225629
73927,8916240,67334,8848906
4184,6195483,4412460,1783023
15941,3624955,-5013064,8638019
8803,5339437,-2831873,8171310
11425,1103863,-4136307,5240170
8595,4542217,-3441777,7983994
10523,4298752,-4009507,8308259
11377,6388131,5086333,1301798
79298,1475937,819700,656237
76409,5077526,3745548,1331978
72571,7187843,-841662,8029505
3921,3073793,-1885559,4959352
2862,1737872,-2784417,4522289
11420,7895140,321323,7573817
72992,1039638,-3415156,4454794
8585,2729766,-4145298,6875064
8598,3028274,1506715,1521559
79308,6312638,2563576,3749062
73930,4644240,2903013,1741227
3922,4638177,-3115257,7753434
10524,1414822,-7082334,8497156
11550,3985519,3813969,171550
75237,7141736,-426578,7568314
13864,7569813,4652870,2916943
76142,1775811,-2348834,4124645
79222,8944265,3229855,5714410
10468,8411218,3008489,5402729
3944,4631453,-4107460,8738913
10756,3895519,475080,3420439
8478,6583425,4136603,2446822
8518,1315003,-5456121,6771124
5061,5638651,-3832070,9470721
8544,3362491,-1361319,4723810
8487,6298116,1204693,5093423
79383,1820223,-7311377,9131600
3442,9147714,-130804,9278518
73895,5211147,2264449,2946698
75835,1682678,-7616820,9299498
76340,2889797,-2701076,5590873
10755,2020274,-624115,2644389
78018,5048754,-3755246,8804000
75591,4704359,500621,4203738
79229,3917004,1566369,2350635
75834,7097840,-2631005,9728845
73925,6926875,1101355,5825520
75441,1832319,-4582037,6414356
73873,7620779,5265807,2354972
13505,8759713,2881012,5878701
8555,2505629,97456,2408173
9926,4096978,383665,3713313
11820,3051045,-1978501,5029546
16889,7913122,6429559,1483563
3509,4436046,-1695627,6131673
11293,9795934,4809697,4986237
13152,2397358,425668,1971690
72549,1224081,-3286922,4511003
70025,7418794,458943,6959851
75119,8476922,43104,8433818
10173,2432653,2187459,245194
75695,8848912,70118,8778794
8536,1662942,-4939510,6602452
11655,7316538,6658425,658113
8578,6003564,-3009355,9012919
73972,3259759,-6041764,9301523
72657,3956209,-214059,4170268
76881,9201804,5564568,3637236
8590,2025093,-70998,2096091
72550,7747699,5420483,2327216
9780,3365642,-561195,3926837
13153,5876052,-955936,6831988
13151,1523251,-7167777,8691028
16458,7178841,2230676,4948165
11768,1838764,-7928365,9767129
17084,8989222,6599474,2389748
8883,8649910,1849745,6800165
79286,8581271,4841309,3739962
15983,6735608,2752192,3983416
16003,7703114,176672,7526442
11619,9358902,912838,8446064
72540,5076767,-3348448,8425215
79290,1275409,341208,934201
79403,4312615,-4033058,8345673
8761,2752607,-4472976,7225583
10211,6031266,2278100,3753166
79302,5514247,-1998001,7512248
11292,9288519,6246128,3042391
9584,3666633,-4862213,8528846
76291,4519336,-1615572,6134908
8573,2237568,1196692,1040876
9777,6533167,-337696,6870863
2917,5981383,-3588117,9569500
73712,7853966,-1565574,9419540
9847,6606852,5006944,1599908
13503,4518378,357785,4160593
76800,8488075,7429660,1058415
15730,4131802,3076268,1055534
11741,2926375,-5864428,8790803
79216,3168250,-2666653,5834903
11552,9052245,-727348,9779593
73904,4267423,-1777146,6044569
9556,2368115,1187193,1180922
11118,1647887,452665,1195222
76760,2121727,-2106409,4228136
76451,4450349,-5518322,9968671
79354,1459489,-3351684,4811173
10195,5426420,1371325,4055095
72551,5340231,1822849,3517382
11350,5181213,-2929680,8110893
10952,7690097,-918237,8608334
11551,3080812,-6676734,9757546
75351,7934228,6875610,1058618
13476,2296048,-5564301,7860349
11202,4619657,3338695,1280962
9124,6984403,6195917,788486
8408,2473116,-6017593,8490709
8398,7307206,4194225,3112981
79783,1589567,-6099412,7688979
8434,5127929,3722949,1404980
8237,7193141,652232,6540909
14120,7204883,1787074,5417809
79296,7062270,-833768,7896038
9098,1603582,-2891127,4494709
8381,8504427,4744727,3759700
8244,3021011,-3488676,6509687
8995,1813157,-6106634,7919791
73718,9044041,-114361,9158402
8405,1511489,-8026195,9537684
79483,5013757,-4428404,9442161
79214,2005909,-2458640,4464549
8292,8647734,3289214,5358520
79399,7759271,2823734,4935537
8409,2123436,-6165454,8288890
75565,1610126,-2060505,3670631
73751,2545305,2414461,130844
79332,7504643,5308784,2195859
8342,9457560,2863688,6593872
10237,1524373,228034,1296339
8327,9623525,4589216,5034309
72524,1789836,1204484,585352
72580,5909553,-2391620,8301173
11174,7558941,2394881,5164060
11257,5428386,-3684441,9112827
13435,4747574,-2586390,7333964
75355,3576436,-653989,4230425
79437,7963105,4909002,3054103
8359,7693751,3174932,4518819
14467,5283444,4741837,541607
76849,6178730,5831923,346807
8397,7329097,2070748,5258349
75844,1022928,-5311037,6333965
9896,3911768,238701,3673067
8429,2830001,-1566871,4396872
76271,4891393,2159008,2732385
79261,4984545,2458755,2525790
79279,4076670,-2953965,7030635
73891,5075222,4195955,879267
70032,8969001,-681766,9650767
79316,3115292,-4288921,7404213
8206,5310696,47875,5262821
70326,1110478,704366,406112
975,6560232,5223675,1336557
8473,3286397,-6559431,9845828
76311,2069018,-1478272,3547290
8340,1657623,-8236520,9894143
8331,8666811,7235505,1431306
8243,3177360,-1172039,4349399
16886,8392015,-301815,8693830
13611,8356839,3821924,4534915
17523,4715168,-2703673,7418841
14135,6020294,181694,5838600
78088,8794161,4375387,4418774
8358,2466132,-1854928,4321060
13751,5610006,-2624015,8234021
76684,8732258,446806,8285452
10066,7579592,5826374,1753218
8287,5524535,4446405,1078130
75871,7913757,3686221,4227536
8320,2658489,-5714079,8372568
8232,3835178,440774,3394404
75155,8780243,5937012,2843231
75536,5040235,-1942244,6982479
8209,3466473,-874144,4340617
8276,1473535,-4063147,5536682
9586,7163181,-1871628,9034809
75371,3582072,745057,2837015
75202,3072025,1997005,1075020
13318,8310722,97700,8213022
6156,1556254,-3207142,4763396
8310,5832062,-3855411,9687473
982,2774834,838626,1936208
75929,7705203,6603969,1101234
76828,8035662,6496622,1539040
8600,5371401,-1391570,6762971
976,7753670,-297242,8050912
8314,3655907,-580423,4236330
10903,7230300,267230,6963070
79259,1332060,-1557613,2889673
8412,3820979,444824,3376155
8492,7666516,7336844,329672
79255,3143121,-1548841,4691962
985,1569003,-2630623,4199626
984,6050278,-935646,6985924
70062,1410324,-4487842,5898166
10481,6724198,4832773,1891425
76228,7393602,5791461,1602141
8501,4732534,-1847762,6580296
76475,6106231,1992891,4113340
989,1527018,-3651110,5178128
72981,4376739,-4337099,8713838
978,4881799,1574111,3307688
987,9620999,6174798,3446201
8410,9032602,-604290,9636892
8512,6801816,166988,6634828
72340,3000566,-1003854,4004420
72338,8774570,-684768,9459338
72341,2086170,-4722100,6808270
15609,7063927,891028,6172899
75639,9978695,5969237,4009458
70308,2164295,317634,1846661
72342,5850750,-2075641,7926391
11788,8343977,6456771,1887206
75900,7446436,-2185554,9631990
11046,9684316,6962639,2721677
8382,3823198,-3619647,7442845
79415,1966250,-5040323,7006573
72629,4609864,-2427549,7037413
14431,9987756,6730385,3257371
8291,4559955,1047753,3512202
8371,7382708,3816001,3566707
8449,3675998,997794,2678204
79275,9331239,8975424,355815
8201,5639752,24935,5614817
70346,5386180,1507494,3878686
8215,5191362,3462091,1729271
11873,4404253,-3432788,7837041
76348,4481572,3373247,1108325
76972,8720034,5416217,3303817
76370,5630737,3062246,2568491
8760,6640864,-2702816,9343680
8225,4752638,454689,4297949
14494,2067019,203674,1863345
16652,1670692,1149492,521200
8260,9400339,3182065,6218274
76826,6961511,4900979,2060532
76686,5499858,-701545,6201403
10068,4860039,-509893,5369932
8202,3596002,1798235,1797767
8319,1825877,-5240463,7066340
76834,5032126,3402424,1629702
8207,5630032,860786,4769246
8451,4301414,3592385,709029
8413,4509213,3217251,1291962
8498,1310358,-5966700,7277058
8118,2398254,-11035,2409289
79394,4987972,3964238,1023734
979,8846883,2878364,5968519
79258,5058283,-1725297,6783580
8411,9825549,2278743,7546806
2876,7406134,-638123,8044257
11175,2699043,2097292,601751
980,5494405,3485201,2009204
2968,1975812,-3747704,5723516
8280,7995955,5497545,2498410
79299,2301801,-7021745,9323546
14879,5464603,4079768,1384835
10026,9786961,5627264,4159697
76272,9090093,1901068,7189025
8571,9715139,6546830,3168309
8318,3531868,2064418,1467450
9518,8628311,272179,8356132
8568,5456454,-863427,6319881
9981,3540396,-3664855,7205251
72679,4972993,-4397323,9370316
10267,8687550,4864103,3823447
13879,8405113,-1484601,9889714
72171,5401509,1697689,3703820
8469,6743412,-1946805,8690217
8203,6491769,11946,6479823
11488,1011011,780587,230424
73919,8617550,-173655,8791205
8508,6710117,5031677,1678440
13946,2538587,505657,2032930
10238,5552016,3143099,2408917
8378,5596899,772033,4824866
76909,9082737,8579896,502841
8231,1429612,-7410317,8839929
79436,6979510,5598435,1381075
76821,9595015,4648839,4946176
10445,5543889,-3056861,8600750
72556,6714798,5264302,1450496
76437,7992745,5167227,2825518
9830,1027773,-6518511,7546284
986,3704345,3460583,243762
988,8516151,-1263910,9780061
8577,3446115,-1311603,4757718
8293,7788019,5127373,2660646
76612,3396666,2985259,411407
8938,3031085,-5478395,8509480
10683,3736954,-5276209,9013163
13409,8759046,-1173072,9932118
11120,3573620,-2529271,6102891
79260,7236708,6683827,552881
15029,6381191,651130,5730061
8309,6253364,-2996216,9249580
9794,5710453,-2890010,8600463
13945,2794631,-2173620,4968251
3990,3816676,-5890908,9707584
8407,9108395,3865903,5242492
73733,8541141,-1458708,9999849
13994,8475238,3349066,5126172
72630,3690647,1752501,1938146
10555,2590318,-566458,3156776
79400,6622301,778324,5843977
9754,6135694,3551184,2584510
9703,4296846,2977998,1318848
8253,9350436,3688690,5661746
72665,2715057,-5112336,7827393
8530,8971492,2860914,6110578
15821,5378993,1154326,4224667
72542,7223804,5979972,1243832
3430,8020819,5121685,2899134
8575,8816366,4313134,4503232
8553,6125799,-2890722,9016521
13369,1133997,-3643113,4777110
72662,7000661,5778184,1222477
72891,3031126,969227,2061899
76595,3695602,-744942,4440544
76600,9808922,8426727,1382195
11045,2160366,-3632575,5792941
14285,9894604,7127918,2766686
8386,3205737,-788099,3993836
79293,5313151,-586550,5899701
14637,9441358,-542040,9983398
70345,2076672,-3984753,6061425
76885,7405996,1896190,5509806
73865,4089829,2888870,1200959
8591,2580744,-393803,2974547
73973,4297686,1596083,2701603
8569,8241751,4297159,3944592
79467,9852512,4303387,5549125
11871,7767942,5342308,2425634
15460,3686845,2996903,689942
13430,7427214,4819448,2607766
72552,9753433,7242575,2510858
11487,9223647,3613830,5609817
15954,8184726,2504797,5679929
14137,1057527,-2228924,3286451
8630,5322523,-3676732,8999255
10196,4804217,-3570132,8374349
79479,7448028,5514634,1933394
13407,6257888,4108669,2149219
11069,7357268,-1194923,8552191
2870,8078052,109632,7968420
11818,1870198,-1921775,3791973
75435,2544292,-5742494,8286786
75182,1299109,-3991279,5290388
75646,1032205,-2987818,4020023
9892,8944949,5491210,3453739
76462,8068204,3310838,4757366
76606,1742149,-5901374,7643523
9738,6814931,-1627607,8442538
13612,9897244,6172082,3725162
9544,3919352,3657014,262338
73822,4855054,238834,4616220
10730,4816779,-2175831,6992610
15822,5388824,-4478782,9867606
10067,7498568,-1120318,8618886
14564,3645251,-5356100,9001351
76396,1616164,-5361758,6977922
13431,8477257,-413772,8891029
78065,9830084,8092949,1737135
75326,2501996,-5107067,7609063
75436,7827188,6314498,1512690
79285,8287479,7785183,502296
79384,5735365,3802428,1932937
10574,7803174,3772464,4030710
2854,3453856,1804846,1649010
75219,5972660,-3393269,9365929
75188,8795776,3329050,5466726
9557,3527009,-2977918,6504927
70300,8632628,6535370,2097258
13242,2457181,-5608304,8065485
14136,9272844,5447209,3825635
76798,2328292,1829295,498997
16979,9823348,7591685,2231663
13288,3559884,-760835,4320719
13607,6791174,3764927,3026247
11481,8562849,847127,7715722
76599,9309239,2942757,6366482
10824,2398912,-3614215,6013127
70087,1997741,-3544371,5542112
70020,1301794,-566519,1868313
72334,5131336,4651053,480283
10502,8477704,-1382945,9860649
10501,2345534,-1352334,3697868
8537,8185217,1900044,6285173
13429,6736818,2841232,3895586
8467,6855929,5765182,1090747
8348,4232304,-3420811,7653115
8395,4977087,-1416637,6393724
8504,2446038,-3807778,6253816
9293,2478844,-7360858,9839702
76726,2339627,-2137772,4477399
8363,8644651,8232954,411697
76199,3748499,2753032,995467
2752,3824047,3243280,580767
9697,3056304,-5159522,8215826
72686,5755451,1200012,4555439
8468,1832163,-5695901,7528064
8399,6477831,3152236,3325595
11483,3503293,680791,2822502
75369,6000984,4665809,1335175
76309,6962109,2413437,4548672
8983,6861496,671986,6189510
9698,9610568,193600,9416968
8574,9044614,-610820,9655434
8365,7075593,2641807,4433786
76728,9028883,5141013,3887870
8789,5342376,2571683,2770693
8565,4679187,-4982115,9661302
76393,1976969,-6391932,8368901
8425,7508733,2566683,4942050
8686,2876924,-664309,3541233
9585,4099317,1704129,2395188
75728,7894041,2040980,5853061
8509,1352405,-3431759,4784164
13514,5443955,3223765,2220190
9460,7326560,1224820,6101740
8372,5592530,1460640,4131890
13645,9482133,4529112,4953021
11617,7419208,5069593,2349615
11996,4107599,683993,3423606
76310,8412141,3154646,5257495
13569,3886375,-3379074,7265449
9555,3734370,1684058,2050312
76153,1177729,-6022080,7199809
11414,2162423,-3464922,5627345
8552,4550119,-1731628,6281747
11348,3008542,-5381147,8389689
5096,6667003,4691432,1975571
75456,7469936,-1290922,8760858
8804,7464072,5907272,1556800
76742,8596906,6898282,1698624
8484,9569703,6538190,3031513
10728,4440168,4195677,244491
76873,4246911,-3267880,7514791
13943,2071200,1772524,298676
8330,3373174,-2325579,5698753
10357,7451450,-2459769,9911219
75390,4586432,-3703514,8289946
15132,9661777,-18382,9680159
75472,8832798,504065,8328733
75368,6853527,-1374236,8227763
10820,6704267,4544013,2160254
8584,5996829,5323006,673823
8355,2242118,-1434535,3676653
11394,5174764,2300529,2874235
8580,9471160,6526777,2944383
76336,2156007,-3071099,5227106
10590,3317564,2079563,1238001
8443,5411024,-526300,5937324
78092,4029461,-3279584,7309045
11997,6098124,352338,5745786
76513,7050687,5548780,1501907
8564,8451358,7004285,1447073
13516,4947355,-1899134,6846489
76108,2878733,-1853523,4732256
10063,9427331,3254631,6172700
76436,8147914,3538736,4609178
76218,4974234,4451237,522997
8949,5426522,-3354516,8781038
76488,3034698,967613,2067085
76227,2994751,742764,2251987
76308,2170081,-15420,2185501
76473,3631240,-922908,4554148
8264,4543691,-1637698,6181389
11037,8874308,4536000,4338308
8269,4702022,-842927,5544949
11956,3476511,214856,3261655
8475,6507421,-2180119,8687540
9907,4341093,934375,3406718
11387,1371819,-1297094,2668913
76464,9563539,6060837,3502702
9516,9898339,9779695,118644
2754,6936974,-2668723,9605697
10231,5836948,-2972636,8809584
76217,7706258,4785304,2920954
8279,6797068,5223979,1573089
8284,6093343,2356835,3736508
8343,5589698,2954006,2635692
72496,8679605,2323898,6355707
8586,3668242,-5731049,9399291
8597,6872670,3283455,3589215
8401,3403939,-2774333,6178272
10362,3224253,-701675,3925928
76399,4588838,-687724,5276562
76103,4553326,-4418511,8971837
11249,7217558,4108783,3108775
8627,9304867,1142985,8161882
9459,6884267,-42035,6926302
11400,1705381,-6715466,8420847
76819,4132243,-4687223,8819466
13877,7129431,1457346,5672085
8404,9327501,-35540,9363041
16059,3272318,2971422,300896
8337,5627328,-3150392,8777720
76945,1598266,-5832301,7430567
8375,9916590,1071246,8845344
8389,8358371,435501,7922870
8247,3047705,2779454,268251
76102,7969623,-1808400,9778023
11402,5435284,-2392050,7827334
72165,3551125,-4320957,7872082
11906,7718373,2304238,5414135
8556,6759113,667993,6091120
78029,1748228,-2937305,4685533
75812,9551708,4517809,5033899
75580,6171725,5489479,682246
13942,4240823,-2067089,6307912
9517,4280874,-883189,5164063
14254,9051234,2222621,6828613
8263,9693424,4134096,5559328
11706,5539693,4558485,981208
14133,7680399,5999584,1680815
9875,1882907,-1365742,3248649
75951,4754292,-46423,4800715
10192,3527965,1460115,2067850
13969,9792328,795436,8996892
8369,9966860,3346486,6620374
13643,7891154,-1839935,9731089
72466,1976885,-6912496,8889381
72466,9988922,4199910,5789012
76793,4159515,-1150932,5310447
75661,6889903,-2364962,9254865
72333,4020282,-4461968,8482250
70305,5538019,5342517,195502
72332,1824682,-4096824,5921506
11401,4960480,94870,4865610
75570,9634867,1030003,8604864
72643,8837913,4225639,4612274
8366,9219228,2243331,6975897
76950,8850160,7067825,1782335
75752,6129781,35855,6093926
11907,3676938,-5736520,9413458
2963,4898409,1711267,3187142
76247,4877724,-1456661,6334385
70344,9632980,6206183,3426797
13566,3006195,194645,2811550
11396,2429899,352270,2077629
76249,7628307,5499169,2129138
11039,9145043,7060253,2084790
76888,9803887,7101325,2702562
13971,9638350,8915983,722367
76369,9319937,4024204,5295733
3862,4355009,852774,3502235
13317,8404474,2194017,6210457
8732,9258835,9056892,201943
14611,6087072,1926645,4160427
75946,1203433,-7219277,8422710
11718,5320086,-4377246,9697332
76701,8264797,-1040147,9304944
75679,5759333,-2772854,8532187
75563,5312071,3216254,2095817
75511,3838730,-2571204,6409934
11250,2525275,-3873527,6398802
8558,7331742,2226808,5104934
76435,5063590,-4049761,9113351
10589,5448547,3679164,1769383
9906,5775013,5090864,684149
10503,4771673,-3809794,8581467
76540,4838075,2804718,2033357
72113,4997635,3984921,1012714
14328,2935786,-2105042,5040828
76804,4705143,-1693687,6398830
11615,6515914,821939,5693975
8542,7427548,-2094377,9521925
11043,9965900,3988094,5977806
3428,1995716,814961,1180755
75388,4078811,-822140,4900951
75399,8567663,4504375,4063288
13466,1293003,-1783449,3076452
70333,9719804,1860767,7859037
13876,9995134,9476099,519035
9971,9106020,7480767,1625253
76584,3574249,-5010438,8584687
10249,8166389,-622396,8788785
13211,7995083,5636072,2359011
11324,3499324,946967,2552357
9970,5554912,4929596,625316
11673,7599532,-995469,8595001
10538,6827292,-2435329,9262621
8581,7051822,6008958,1042864
10537,9602886,9262591,340295
8724,4403502,-2033481,6436983
72658,8171475,7188007,983468
11580,1722110,-4098022,5820132
11786,1982452,-3871839,5854291
76143,1737954,336627,1401327
9494,8090589,427766,7662823
11484,5807344,1301332,4506012
14075,2737831,-2843306,5581137
76214,1563582,-3804247,5367829
11398,9543257,3416237,6127020
11717,1037606,-519780,1557386
8807,3330169,-1198021,4528190
3864,2727649,-4257132,6984781
2853,1724781,-794892,2519673
9978,2414666,-3889960,6304626
11117,1698254,-6339252,8037506
76566,6872641,581563,6291078
10023,7047168,3229603,3817565
3427,4089917,-5060379,9150296
2965,5934060,-3315921,9249981
10064,5441675,4263160,1178515
11254,6286177,4033800,2252377
2912,7419761,2457075,4962686
76791,9135102,-67151,9202253
8864,9495427,3858969,5636458
76770,7914376,1766915,6147461
8867,4473519,244212,4229307
13610,4470441,-3166878,7637319
9876,3078527,1687229,1391298
13565,2392070,-1795778,4187848
8465,5547790,764651,4783139
10442,2122761,-1056679,3179440
13939,6502916,-3283915,9786831
9702,3836994,216242,3620752
9874,8924712,3736467,5188245
11040,3271988,-2959121,6231109
11485,6752645,-781310,7533955
9699,4809461,2991018,1818443
13238,9717513,6463075,3254438
76617,7680398,3683492,3996906
8446,9731095,7704640,2026455
10358,3497998,-1705113,5203111
8548,2184210,-3103515,5287725
11905,4238303,2660332,1577971
11749,9106955,-61941,9168896
8392,5481577,4832077,649500
76618,8703868,8344734,359134
10901,1026435,-2145852,3172287
8520,4268831,2976148,1292683
8227,4533582,-4680377,9213959
8267,1478271,-8294451,9772722
8470,1087014,-6565502,7652516
76359,9083403,-663796,9747199
8238,9901039,7684951,2216088
9394,4626534,-4157959,8784493
8273,3587943,-5579897,9167840
75443,5920812,5427680,493132
16954,4723036,2165356,2557680
8256,9455421,1716028,7739393
75245,6437373,6068153,369220
8296,9490567,8067333,1423234
8419,7411106,6561489,849617
11784,1470589,1155213,315376
2751,7611286,6631933,979353
8254,9118686,1486886,7631800
8228,7638770,4876023,2762747
10550,6691968,-2884685,9576653
13940,8098190,-637586,8735776
8306,7933137,4096258,3836879
13736,6448237,6110428,337809
72484,6936799,6286249,650550
72483,1996866,-3380973,5377839
75786,6220290,-1747383,7967673
75909,4923372,-3845074,8768446
75787,1987675,1076556,911119
70006,6638644,107969,6530675
9334,4337306,2988483,1348823
11715,7534732,1137956,6396776
75574,6034456,3084151,2950305
8506,2976518,-1897436,4873954
76833,9542490,224995,9317495
8499,6112901,-1472947,7585848
8294,5864934,4595045,1269889
75866,4555301,-4674159,9229460
8323,9395841,3045942,6349899
10549,7617237,7028127,589110
8868,3038503,534250,2504253
13824,3763639,1910157,1853482
76722,8073400,3253569,4819831
13642,6938775,5249711,1689064
8543,2234366,-1654128,3888494
75553,9459068,-69454,9528522
75904,1316880,-7545596,8862476
8242,3831904,-1159679,4991583
10869,3951666,-5273325,9224991
8647,3387978,2925370,462608
8251,4277997,-1305050,5583047
13007,9967283,2921957,7045326
8507,8486618,5386328,3100290
8271,4353016,-2599068,6952084
8557,5031911,4684580,347331
7964,6979959,5448871,1531088
11041,7156656,1105080,6051576
78026,7822532,5048620,2773912
8866,2682341,1462540,1219801
76889,2160805,1938892,221913
76114,4690483,1938291,2752192
11345,4812204,2398089,2414115
8648,5001289,-3915348,8916637
14678,7025594,-2094944,9120538
8430,4999537,3424360,1575177
76450,2689761,-1267405,3957166
11344,2290423,1955939,334484
2909,6746373,1932554,4813819
17086,3484832,-1684894,5169726
76219,8934494,3547432,5387062
11614,7449969,-2191422,9641391
8566,2507641,-6477108,8984749
13828,2689827,-6602350,9292177
2816,5567551,-807109,6374660
8290,5076458,-1993467,7069925
8316,7944857,7328266,616591
8436,5380931,2010751,3370180
8275,7767088,-994946,8762034
8576,4360253,-3439010,7799263
2964,7649910,221079,7428831
8339,1287857,-709832,1997689
8550,8892979,7480068,1412911
76368,5109033,-4663985,9773018
8278,4142157,2444867,1697290
8278,2615435,-6364786,8980221
11251,2492814,-3499692,5992506
9695,8119842,5120370,2999472
11609,5470688,-925438,6396126
8380,8466886,6543891,1922995
75449,3217261,-911699,4128960
8236,7491011,2003540,5487471
13240,1717018,-3083712,4800730
8226,7474947,-2348999,9823946
8368,7699920,-1113517,8813437
75582,4715996,4413776,302220
2750,5064229,-1250662,6314891
76106,5460295,-2105241,7565536
8802,1807240,-6938608,8745848
3429,1270290,-5416523,6686813
9642,5413065,-2690331,8103396
8806,3143216,-3561940,6705156
10679,8652757,5045770,3606987
8302,5421850,4099692,1322158
8303,3367323,-3594683,6962006
75594,7906534,-304788,8211322
8301,9582155,5046495,4535660
70323,6510246,-2251519,8761765
8328,8126052,3950149,4175903
8328,2206092,-1740342,3946434
72641,8367501,7964470,403031
13875,9207213,7789580,1417633
8505,5018235,-3537053,8555288
8528,8052452,4826841,3225611
11908,7098305,716145,6382160
3895,1045078,-508711,1553789
9977,5654371,1216258,4438113
8281,1511624,-222432,1734056
8476,2908969,2312350,596619
76905,3569838,-6126201,9696039
13493,8067608,366075,7701533
8417,4738401,-419640,5158041
15488,4256424,-3620450,7876874
9701,8105925,6666414,1439511
76831,2087739,-2235338,4323077
76904,7107953,4682292,2425661
8426,7751005,-2131257,9882262
8357,3003328,-4712332,7715660
8494,5265877,1639243,3626634
8235,2099063,-7280878,9379941
8261,7746011,-1275564,9021575
8307,8565979,3389716,5176263
11605,8322167,-317724,8639891
8354,4000395,3591540,408855
11388,3351719,-6608658,9960377
8334,2609860,1731335,878525
75289,7886476,5346315,2540161
8248,5130527,1740108,3390419
8257,2339720,-1203641,3543361
8588,8659906,6124944,2534962
8262,7698284,4620526,3077758
10354,9997327,4436782,5560545
8376,8606713,-887151,9493864
8455,3817479,-2294631,6112110
8805,5777713,283716,5493997
76749,8269547,5290219,2979328
13563,8926136,-619308,9545444
76715,1528456,-6891652,8420108
11611,1478528,-8348375,9826903
10153,6939395,-1075612,8015007
8387,5376196,-1391381,6767577
8432,6630619,6257475,373144
10591,3192952,-6075423,9268375
11255,6892738,5752823,1139915
72433,3761270,-658600,4419870
8431,6026288,-3046260,9072548
72434,4270239,4049737,220502
75706,4203240,-5363321,9566561
11613,6995988,5199248,1796740
76448,4152288,1436706,2715582
14230,8582650,2329337,6253313
76248,7241663,6880119,361544
8283,9811158,8853836,957322
8258,8122267,5051555,3070712
5092,3715569,-3642486,7358055
76400,2528915,-7298833,9827748
2910,5699042,5505586,193456
8282,3950972,3353484,597488
9828,7397912,4920200,2477712
8274,8472631,2240507,6232124
11253,5199985,4114642,1085343
2894,8508888,6769177,1739711
75616,5300453,-2638985,7939438
8601,9530677,7063825,2466852
10355,9330708,3834717,5495991
75234,5484390,1966337,3518053
10235,7146968,6614726,532242
76151,9184354,2904470,6279884
14074,8091938,4603820,3488118
8592,2541906,-6573258,9115164
8549,7058015,-2050165,9108180
76772,7955053,3975961,3979092
8514,8386645,-51688,8438333
72660,2411083,-997562,3408645
8456,3660382,-4977744,8638126
13497,3718426,-6049215,9767641
13829,5826188,5148511,677677
13239,3133678,1805741,1327937
8299,2963239,-1926222,4889461
3787,9885403,335351,9550052
75205,9547315,7767449,1779866
9737,8313811,7011720,1302091
8865,3771883,2586386,1185497
14316,9256695,6184448,3072247
8295,6622403,274820,6347583
76806,9396583,1795863,7600720
15732,4862122,-4106545,8968667
8538,9603553,5385975,4217578
76401,1310750,-4374504,5685254
8277,9895269,6025729,3869540
8485,8950744,6542242,2408502
10065,3639534,-4869754,8509288
8312,5658553,-277801,5936354
8428,3270429,2703934,566495
8384,9742596,5851054,3891542
75778,4564678,-80958,4645636
72331,3946414,326254,3620160
72420,2293237,-2467892,4761129
8437,2616773,-5168983,7785756
76754,5880276,-1592093,7472369
76714,8637168,6022678,2614490
75813,5323837,2736600,2587237
11115,5749368,-4153062,9902430
8593,1457893,-4501279,5959172
8117,8561754,7074966,1486788
75774,8802497,-127505,8930002
75776,2049650,-4425255,6474905
75775,2581003,1019924,1561079
11482,7868767,3337610,4531157
76913,1399209,-1358550,2757759
8678,5184283,-732326,5916609
76474,1689267,-5100648,6789915
10440,1805127,-3799951,5605078
75445,1606244,-7422744,9028988
8488,2547941,1650295,897646
10233,2179623,-812588,2992211
11392,3443575,-5850776,9294351
10443,4566909,-1550333,6117242
76449,5586281,4505452,1080829
8457,4702979,-1014407,5717386
76807,9225356,4968180,4257176
14076,7970863,-1346434,9317297
11256,2122989,-1492386,3615375
10025,1749631,-4373199,6122830
2852,3808341,-5063777,8872118
8535,9775637,7138901,2636736
8353,1401337,-242735,1644072
75784,2471886,-6742456,9214342
13709,4988407,4224012,764395
10729,1356926,-739677,2096603
9696,6181644,4819398,1362246
8561,9114197,7420759,1693438
8447,5818556,4228096,1590460
2924,1763597,-6339527,8103124
76113,9563909,4155264,5408645
9333,1150349,-7724891,8875240
8335,8609425,4819331,3790094
8594,3324336,1138011,2186325
8603,3185894,2742895,442999
11682,6543749,3054593,3489156
8440,1100231,-4386952,5487183
2911,5537843,-2292242,7830085
11416,3257976,-4327401,7585377
9396,6615960,153347,6462613
10021,6074081,-795714,6869795
8483,9176458,5646080,3530378
5108,6918079,-2514042,9432121
14315,4658312,-2560606,7218918
76753,2704796,-4223176,6927972
76270,2102881,-6857778,8960659
11252,1521088,-2127285,3648373
2967,7062560,2701345,4361215
11680,4209863,3022428,1187435
8379,4473332,-2529195,7002527
3482,4450995,3108387,1342608
14599,9549505,1936042,7613463
13687,7789515,-509447,8298962
13368,8022828,7274263,748565
11679,3768674,1570113,2198561
11248,3511005,-4025528,7536533
11409,2602746,-4858764,7461510
13236,9338256,549506,8788750
70309,8447589,5577186,2870403
8541,9069475,6197020,2872455
13874,9765371,2733556,7031815
3485,9613404,5059416,4553988
8562,6379932,-634341,7014273
76720,5023599,2910923,2112676
10444,8753955,-1109478,9863433
75983,8784603,-51867,8836470
8687,9943057,6047020,3896037
8629,4010951,-2064143,6075094
8308,7648246,5022589,2625657
15716,6960287,1544843,5415444
8435,6339169,-2448649,8787818
8649,2578398,-4940477,7518875
11583,9831698,6668228,3163470
2966,4249131,-1376356,5625487
8596,3129054,-4037866,7166920
11413,7001557,3036742,3964815
76215,7405642,2160627,5245015
9976,6740331,1317456,5422875
76665,1285409,-7322385,8607794
76152,3906409,3773389,133020
11408,4446409,3553786,892623
14313,8546341,4098013,4448328
76810,5776227,-2930333,8706560
11783,8562604,1182546,7380058
11607,8420875,5931704,2489171
16887,9353427,4935535,4417892
10152,9052873,-557027,9609900
76908,1667736,-3306002,4973738
75824,9131285,-350515,9481800
76869,7576691,2849569,4727122
9752,6089435,-3746379,9835814
8400,1282572,-2551761,3834333
8519,5728988,-784137,6513125
76768,8925891,4468041,4457850
10359,9120950,8404145,716805
9829,9172346,2547209,6625137
9700,7721159,-359779,8080938
76216,6002458,4274072,1728386
10360,9099939,8881299,218640
8587,3530620,404358,3126262
11042,3222699,-5212758,8435457
8481,9663891,5296748,4367143
8454,3491460,281080,3210380
9694,7365293,-2488537,9853830
10726,6003260,5277806,725454
8570,7487993,4006378,3481615
72615,9069245,8770377,298868
3453,6091027,-3746329,9837356
13779,3125616,-2456383,5581999
15463,1018158,-5603023,6621181
3478,8335403,3339010,4996393
9587,5239096,1711188,3527908
6965,7386784,5549076,1837708
72614,4263891,-2779198,7043089
76843,4321898,2024582,2297316
8418,4841516,638010,4203506
75268,5342270,1610060,3732210
8396,3770579,-59856,3830435
75303,7178950,1300396,5878554
78059,5798715,714891,5083824
8560,8131423,6251105,1880318
11083,8675108,-830349,9505457
13703,4340096,-2761829,7101925
6964,5233596,-1682435,6916031
70067,3732764,-1143171,4875935
76912,8104762,6031402,2073360
13210,4663850,2165060,2498790
10796,3306753,2116876,1189877
76795,2998669,-4118907,7117576
72668,1998186,-1539448,3537634
72121,6965796,572169,6393627
13482,2969843,734776,2235067
10772,4086677,-208441,4295118
2960,1622819,-1773748,3396567
76796,1806858,-2727204,4534062
3426,6671934,767954,5903980
10771,9209331,6007147,3202184
9809,9481912,1195394,8286518
72653,6813431,-2809879,9623310
78049,3119471,-4982196,8101667
9543,6003381,1554269,4449112
13704,8541640,-689057,9230697
76832,4051021,3416095,634926
16910,9856729,7161922,2694807
9507,3440296,-2196665,5636961
10062,7001262,6375509,625753
72635,3631811,1997458,1634353
10127,7170832,-1363261,8534093
12493,1316089,-1009446,2325535
11428,3195673,-3150060,6345733
10248,4177287,-4410383,8587670
78066,6682470,2302817,4379653
8809,4314089,-298058,4612147
76876,1718630,-4161797,5880427
75395,9564752,1209259,8355493
13766,7055839,2650628,4405211
5103,2255590,-5025813,7281403
13447,3401139,-4080011,7481150
13498,7183272,7001288,181984
10845,1729644,1360507,369137
9927,6653094,4951496,1701598
16527,9189180,1130294,8058886
75339,4800491,-2235945,7036436
9522,6411315,-478223,6889538
8551,2480909,576073,1904836
11204,1995675,-6113497,8109172
8996,9621521,5005219,4616302
76738,6860922,-211540,7072462
8347,1644330,-4132390,5776720
5011,3616670,-1777466,5394136
8414,6964831,-2926534,9891365
75791,1121764,-4784081,5905845
76524,8325910,1396541,6929369
78012,3849061,-283748,4132809
8356,4423118,-2189102,6612220
9781,2448668,-5857494,8306162
8300,4261134,1212922,3048212
8403,4518627,-3251019,7769646
3743,5978793,2249527,3729266
6172,8584369,6369433,2214936
8317,4276276,-2352965,6629241
8415,6462690,542589,5920101
8525,1985213,-5887537,7872750
79223,7143734,3061208,4082526
75459,8044861,5498085,2546776
8444,3897973,3634973,263000
9805,1553678,510786,1042892
11294,2619396,1098404,1520992
10646,4094645,2498858,1595787
5163,4194009,-1163935,5357944
70337,1965400,-833578,2798978
9778,9382950,6488796,2894154
76417,2762823,-3283250,6046073
8338,1175689,-2171373,3347062
8370,4627401,-2538684,7166085
9779,8681232,3265823,5415409
76574,1332481,-7973612,9306093
8928,7169433,138466,7030967
76126,9813845,4962415,4851430
13758,5675584,-4229533,9905117
10172,6923075,-381531,7304606
11203,4952411,-604557,5556968
2707,7531455,-762389,8293844
8349,5755354,2203664,3551690
8394,1558302,1051346,506956
8477,4958118,4118861,839257
76341,9171137,5613542,3557595
8929,2750580,-1709071,4459651
76875,7800341,340149,7460192
3055,3562616,-6143266,9705882
13987,2321436,-4691507,7012943
11821,9304497,4719032,4585465
72579,5820075,5255216,564859
3572,4059758,1195407,2864351
10698,8322201,6413789,1908412
13773,3484243,-2222823,5707066
10616,8937555,4031379,4906176
70334,8201927,5383905,2818022
75228,5997190,5421683,575507
8297,1642119,1492374,149745
78083,6448161,3873606,2574555
8345,8583350,-1266331,9849681
75923,3510091,-3517571,7027662
8304,8446869,1807254,6639615
5120,1043142,-894730,1937872
11770,1304095,-4368741,5672836
8360,6641358,2749298,3892060
75252,7447779,5981320,1466459
75763,8226833,3467365,4759468
13547,9907310,3263682,6643628
75805,2026504,-3518109,5544613
75802,5206145,3493655,1712490
78038,9995982,5919977,4076005
70357,7426080,-551247,7977327
8423,7432659,-757263,8189922
8402,5588886,3383578,2205308
10054,2964682,-6450870,9415552
11555,5228472,3699479,1528993
2800,1291128,-3256893,4548021
76119,1548644,-4401271,5949915
76352,6421059,3210155,3210904
9965,4439567,-3469587,7909154
8352,7319077,2301615,5017462
13669,6302303,2630145,3672158
76463,8009819,3206179,4803640
8450,6460703,-1850505,8311208
7954,2456973,1173615,1283358
8406,1773374,-3125469,4898843
10791,2403914,-2755558,5159472
76207,9519680,3824278,5695402
76933,9825846,4886458,4939388
9567,5393643,-834304,6227947
10084,8830885,-314753,9145638
76241,2034716,-4791955,6826671
8362,5688599,821498,4867101
75365,7603962,3191879,4412083
76148,9397855,592121,8805734
8527,7983478,4850679,3132799
76486,9725751,4043694,5682057
16004,7573901,6769463,804438
11511,2051555,-1068964,3120519
9656,2047859,-7703336,9751195
76235,3488021,1527723,1960298
10781,1873116,-5717779,7590895
76281,1258329,-6223057,7481386
75673,3147560,-4959522,8107082
76490,1105842,526974,578868
9336,2860683,-5698828,8559511
75260,3268885,2240913,1027972
8986,5563978,5043044,520934
10961,1203217,-2835853,4039070
6395,7653735,5971134,1682601
10032,1870629,-6733045,8603674
75652,5605786,1199133,4406653
6318,4949054,3665964,1283090
10830,3750963,-5142760,8893723
76144,5754533,4919686,834847
3046,2183321,-453909,2637230
11725,2631259,-4939383,7570642
6303,5687781,432417,5255364
75949,4516174,1363355,3152819
6298,3174400,856047,2318353
72117,2429172,-883910,3313082
75209,5108122,-639593,5747715
16183,3266514,-1138724,4405238
75644,4951038,2951482,1999556
75187,7004706,3483278,3521428
11875,8679384,8533009,146375
6314,4418197,1974826,2443371
6285,3473145,-2886527,6359672
13713,5032815,-1788503,6821318
15777,6341534,-1504590,7846124
13760,3171345,-5997654,9168999
6434,9078468,1908303,7170165
6418,8058652,5973242,2085410
6304,3478498,-5735718,9214216
9563,3020666,1485844,1534822
13253,1802637,-4008733,5811370
11514,2679995,-807342,3487337
13619,8807609,2730064,6077545
76439,6924761,3707333,3217428
3861,7513921,1869284,5644637
10201,2595379,-433191,3028570
6331,4140398,-1942520,6082918
8763,5797259,1062632,4734627
72654,4273729,78004,4195725
8321,7974335,436432,7537903
11629,4294285,-2795592,7089877
2763,5991394,1988302,4003092
13975,9172127,2354412,6817715
73788,8927087,214315,8712772
73765,9869414,2962551,6906863
11796,4804059,1261423,3542636
5116,4112844,2272336,1840508
79346,8074455,3154732,4919723
10595,7556511,6580218,976293
11180,7091716,2005170,5086546
2472,6179817,-289686,6469503
76338,6111109,-1805595,7916704
16953,1173292,-4530696,5703988
79277,8533071,6948902,1584169
2562,2632733,-4912239,7544972
16651,3766308,1319892,2446416
2541,4335592,3917137,418455
11510,1485206,-4200823,5686029
2633,8922571,-1034914,9957485
10689,5235468,-750295,5985763
76327,4545138,2378283,2166855
2466,3547919,-2688661,6236580
3507,7813776,3733411,4080365
10637,9829187,9007785,821402
2464,3564405,-4216675,7781080
11798,6863713,-1777738,8641451
2663,9945473,2703315,7242158
9983,6160757,-1956700,8117457
7015,5319732,2716872,2602860
5106,6778799,-1458037,8236836
2608,3899818,101561,3798257
10075,9085820,5130893,3954927
75184,5880550,-1070743,6951293
75127,3453134,-1188182,4641316
75352,2237622,-4968847,7206469
75152,6968647,-1274199,8242846
10559,9990458,9055698,934760
10374,1070193,-300139,1370332
10829,2528347,-4168179,6696526
2687,3697117,888151,2808966
9982,9776125,7245725,2530400
75709,1262760,-1725405,2988165
10638,2226645,-701939,2928584
10454,1514130,-8296386,9810516
7931,8446352,820123,7626229
14259,2992330,-6467353,9459683
70313,6059040,-1472857,7531897
2487,3315065,891346,2423719
8734,3741283,-3328336,7069619
75811,3147048,-4198962,7346010
75720,9783316,7157616,2625700
72490,5283561,-4651756,9935317
72228,9527195,3104321,6422874
75768,4204859,-1587374,5792233
76452,4078639,-3307159,7385798
11181,7772823,-1812327,9585150
79287,9862959,7741340,2121619
10509,9502698,3424213,6078485
70317,9689621,7615064,2074557
72994,6770719,1463493,5307226
79446,6386144,4146243,2239901
11509,2160444,-541890,2702334
3568,7240760,5026116,2214644
73848,8954843,7770496,1184347
70378,6671337,-2642920,9314257
72365,3987046,452512,3534534
9562,9554337,2664689,6889648
8124,9626621,-228535,9855156
76230,5691447,-589491,6280938
7138,6902353,5926023,976330
3878,7994116,6387146,1606970
75308,3580244,-5932365,9512609
73954,1547155,-4303560,5850715
75147,7734992,-789870,8524862
3935,3916979,2783596,1133383
2208,8728155,4910331,3817824
2322,2238421,-48544,2286965
2447,7254614,-972082,8226696
2206,8323563,4344000,3979563
9076,4853839,-3852609,8706448
2433,3397966,-3893315,7291281
2407,6733079,1188135,5544944
10639,3533168,-3839972,7373140
70384,7317737,6101441,1216296
79321,4512180,1881689,2630491
72819,5344731,-1191053,6535784
10318,6315146,-1827278,8142424
73876,6274978,4755249,1519729
70353,6927739,-378299,7306038
2420,3527995,1778448,1749547
12928,8770329,1374592,7395737
75221,2794738,1478430,1316308
75512,8569346,7403435,1165911
72990,2591718,-89461,2681179
17665,6121394,-1283513,7404907
72945,9684752,4260691,5424061
9952,7738022,4407279,3330743
76539,8960102,-227747,9187849
73760,6619583,2161005,4458578
8692,2130234,-576555,2706789
3985,4313312,-4250681,8563993
8955,7271042,2065672,5205370
9759,8402777,1101824,7300953
8894,9371999,6079035,3292964
11696,3292073,-6222304,9514377
76947,1512137,-3127562,4639699
72940,7462193,-2410801,9872994
2374,6598892,1172233,5426659
2203,7161478,6279890,881588
72965,8518083,2520509,5997574
298,7470949,4027717,3443232
72820,4350166,3024646,1325520
2212,8516009,5035199,3480810
10974,9705278,2084719,7620559
286,2262960,-2651132,4914092
2575,9051287,3288286,5763001
9890,9415505,7525017,1890488
72555,6124614,-3336048,9460662
2238,7381041,6789772,591269
11281,3799659,2541647,1258012
2233,4319657,-5364285,9683942
16133,3760040,187644,3572396
11652,7444400,6333952,1110448
2640,4473032,1503964,2969068
2790,2935892,-816922,3752814
73705,7576607,6770348,806259
9891,3703731,1490677,2213054
72900,3128436,-618992,3747428
13961,4204086,-288768,4492854
2520,4856485,-1575342,6431827
7197,9638497,1504397,8134100
2385,2339180,-6382075,8721255
72534,9927057,8095049,1832008
76901,7578661,2889737,4688924
76287,1129916,965988,163928
10787,5021827,-2504680,7526507
72852,9409074,1061666,8347408
72840,1758482,-2246226,4004708
79392,4601008,2056356,2544652
76289,2057903,-1802974,3860877
11739,3343897,-1061869,4405766
75910,8008279,3851771,4156508
79482,8629000,6965220,1663780
75822,7189882,-1302140,8492022
72535,9896389,6720916,3175473
70352,2431950,-7075719,9507669
73706,4132235,-1782675,5914910
2588,2189366,-3198969,5388335
79498,3194226,2622501,571725
10788,9892752,8486833,1405919
9571,2251937,477501,1774436
2383,1692554,-2908300,4600854
3799,7715591,961253,6754338
2384,8724940,3788100,4936840
2589,4051126,-2046064,6097190
75311,8797958,1149364,7648594
13471,7486690,3937650,3549040
72906,9512673,5101029,4411644
12915,8899934,5217146,3682788
17638,4114414,2080509,2033905
2723,8135043,6934842,1200201
10516,7908276,409991,7498285
73820,2270083,-3291186,5561269
79430,6019571,646260,5373311
79461,8205577,-184717,8390294
75239,6105594,-356244,6461838
13714,9248712,1652737,7595975
76616,9602697,738335,8864362
73770,4604094,-1680947,6285041
75236,3984291,-853006,4837297
8693,7696733,-1900394,9597127
73719,2622461,581029,2041432
73782,7161793,6253004,908789
2560,8686427,4525893,4160534
72805,3831799,-72898,3904697
76443,4754750,4290584,464166
9404,4169682,-3835088,8004770
2781,9408672,2663230,6745442
11881,1387917,-6079023,7466940
70351,7100403,-2561344,9661747
79434,5106098,-2398243,7504341
72962,2874549,-244817,3119366
75489,6306236,-1873864,8180100
72806,9260881,-175547,9436428
75969,7190659,4973342,2217317
75862,1911702,-1367698,3279400
75970,1109713,-6210482,7320195
8880,3431886,-5692160,9124046
2630,1455346,-1687248,3142594
2350,8437264,601646,7835618
2574,3168524,3018933,149591
76757,3779789,-1641404,5421193
2376,9391824,8365498,1026326
72887,7337916,6395266,942650
72903,4491536,-2547162,7038698
76319,5954922,3666784,2288138
10244,6193314,-1561168,7754482
2346,2752810,-5247878,8000688
15198,8424076,5834823,2589253
10842,6163397,646047,5517350
2638,5874168,3400665,2473503
72850,1652120,-2822960,4475080
2355,6500649,-278762,6779411
13836,3590194,1018831,2571363
2641,1942266,-6826429,8768695
10289,9724635,5658352,4066283
73892,8660793,4294437,4366356
76416,5923573,679376,5244197
9278,5049567,1489662,3559905
2434,2133427,-3419766,5553193
72950,2505440,1479296,1026144
2681,6557913,-1311807,7869720
2367,5376205,-3403417,8779622
17528,6539525,1572405,4967120
2508,9745445,1606799,8138646
2540,3797626,1556180,2241446
72827,3108161,-7632,3115793
79318,2449420,-4952717,7402137
10644,3953863,-4311081,8264944
10975,9912864,4955901,4956963
6016,5228278,-3913026,9141304
2455,8235347,4912971,3322376
2465,1154535,-7631842,8786377
13861,1702800,-3366130,5068930
2644,8319160,-1223448,9542608
13457,4371902,-2411163,6783065
76779,8985490,5845530,3139960
2519,3920194,2530953,1389241
79371,2775023,-3382385,6157408
72851,3283726,-4125794,7409520
2576,7192285,3502042,3690243
73890,7655311,-1501753,9157064
79210,3221872,2395324,826548
2419,5419759,2403749,3016010
76857,8797013,1481957,7315056
2431,1067310,-5588609,6655919
79368,6150214,-3726507,9876721
10288,4829812,-4199607,9029419
76414,4663472,-1862337,6525809
13813,4107179,-4363857,8471036
2453,5802583,4575416,1227167
76841,8782137,5761830,3020307
72871,2260966,-6221670,8482636
72875,6191613,2528444,3663169
11371,2843230,1012114,1831116
73913,8308887,-1067965,9376852
79365,3553183,-4249899,7803082
72567,8175348,-1302435,9477783
10843,5319926,787496,4532430
11283,4872509,453679,4418830
72825,4741130,-447297,5188427
72821,6721982,2528234,4193748
72568,9815608,1649228,8166380
2793,5757266,-3267832,9025098
75837,9463123,1848471,7614652
78093,3309500,-41987,3351487
11284,4985026,-2841946,7826972
75528,5973399,-216518,6189917
76559,1701774,-4117725,5819499
10645,9414100,-141874,9555974
76571,2370063,-3761064,6131127
76844,9964020,4221917,5742103
9961,7446731,2857746,4588985
2301,7638822,6700921,937901
15194,5555445,-350156,5905601
78087,8039258,4559697,3479561
72888,9661532,1596373,8065159
73881,2310976,828257,1482719
3510,7003023,5111770,1891253
72459,2421894,-5256563,7678457
72460,7106467,1243869,5862598
10786,4629392,-22151,4651543
75259,4321989,-527056,4849045
72861,7015502,-1846377,8861879
8879,4624225,-549291,5173516
72865,2732564,-993527,3726091
16037,8947292,2341641,6605651
73845,2932049,-1857133,4789182
11373,1787564,-6134134,7921698
72869,9118948,8197812,921136
9440,3294677,1281050,2013627
76605,4822695,1612809,3209886
75200,7103796,6724592,379204
15621,8675430,3044448,5630982
15622,6867566,-1457208,8324774
14733,4889947,-3593467,8483414
72585,8072960,4365982,3706978
79301,6943141,-1309749,8252890
2831,7007454,1968132,5039322
9772,6022248,1779572,4242676
72862,1888692,-4497144,6385836
11845,8670525,298025,8372500
72833,8903976,3015049,5888927
72833,8585437,-658195,9243632
76276,6673165,-711060,7384225
13343,4044572,2011110,2033462
9399,6821911,5162391,1659520
76838,5329555,2918698,2410857
75576,3942841,-4801999,8744840
75577,6135799,-1527371,7663170
3573,2908284,527490,2380794
14999,7110988,3669758,3441230
2580,2433129,-3852233,6285362
79497,3905754,-1073112,4978866
2721,2077466,1829557,247909
2315,7628435,2972482,4655953
76380,4537474,-4078067,8615541
76415,2040531,-7801188,9841719
76783,4979895,4562475,417420
13205,4476084,-4554578,9030662
2333,7629563,-1814633,9444196
2872,3237670,-6365390,9603060
72497,2180763,-3564401,5745164
75815,1900787,-7007064,8907851
75680,5584192,3421732,2162460
75439,5798031,4138738,1659293
73911,6773079,5020613,1752466
14476,7566348,-1323701,8890049
76880,5386961,2013757,3373204
75450,8089800,4988520,3101280
9435,7984938,4805529,3179409
11966,8371988,2449172,5922816
76489,8515964,5967841,2548123
2438,3618507,-540184,4158691
72810,1398714,1274555,124159
76576,1536889,-1667025,3203914
2277,8852233,3232256,5619977
72566,3298508,-4718816,8017324
9989,2163146,994369,1168777
2435,5205403,1771654,3433749
76518,1205903,-583566,1789469
76621,3652848,-5549063,9201911
9478,8921665,-163968,9085633
10561,8643285,8389649,253636
72814,3012761,-4596245,7609006
2342,9795768,4630847,5164921
13531,4586591,2319423,2267168
2482,5893418,3883247,2010171
2359,4321317,-595300,4916617
8793,8891266,5727653,3163613
2742,4743098,365792,4377306
72808,3270839,-2338024,5608863
76786,1629639,-7742001,9371640
72802,1326704,-4516014,5842718
9322,4435508,-5204196,9639704
75186,3384763,-1121719,4506482
72953,5689064,4120258,1568806
76822,8684093,268977,8415116
76519,5858414,4394241,1464173
2289,9615504,7946237,1669267
2653,9777058,2567554,7209504
2486,7017811,-691112,7708923
2398,7890029,5765842,2124187
2291,2195710,1790085,405625
2353,2073944,-2094146,4168090
76764,2360313,-4936619,7296932
2316,1337904,-874305,2212209
76382,8437781,104542,8333239
2702,8327969,7268306,1059663
13960,4346736,2398496,1948240
72826,5522547,-3178745,8701292
72826,2067340,-1910812,3978152
10560,5655822,-2978125,8633947
9520,6944009,3348155,3595854
2724,5731701,3396193,2335508
79462,5335360,-3863427,9198787
11502,4557094,1417605,3139489
9877,1209958,-2006492,3216450
76688,7361755,3602389,3759366
10736,3882954,-968632,4851586
76957,8453686,6881015,1572671
2526,7479467,1336626,6142841
2673,5902917,-3489718,9392635
2673,1647820,-5628387,7276207
10742,3925708,332683,3593025
78014,4378297,1080467,3297830
7109,4059208,-2436552,6495760
75223,4971915,4463426,508489
75387,5760080,1790049,3970031
2736,9665685,5219908,4445777
13858,2004982,-7045562,9050544
76756,9722856,5550051,4172805
14302,1144844,-7771181,8916025
2791,2494039,881633,1612406
76535,5932604,5002498,930106
9309,5943958,826610,5117348
2509,7049905,-540210,7590115
76740,8453004,-81759,8534763
2390,9477046,4919309,4557737
2274,7554751,-892998,8447749
2307,6592315,5917999,674316
75940,3610854,336819,3274035
70074,4778967,-420321,5199288
2536,5971840,3686228,2285612
75947,3925913,-2802388,6728301
2531,6382737,4239836,2142901
2409,3195865,-750948,3946813
9405,1854006,-3880741,5734747
2300,9043541,-869549,9913090
2300,4745351,4073137,672214
10208,9998552,3937934,6060618
75224,4956614,995546,3961068
2265,6101694,3168788,2932906
2618,5489354,2916302,2573052
2339,4214328,730228,3484100
2297,6142938,-3181155,9324093
76288,3178199,-6615073,9793272
2303,6772761,-1061510,7834271
72849,2837139,-6555575,9392714
2532,7856232,7554699,301533
2324,7604213,6923643,680570
2692,4555417,-904107,5459524
8796,8256648,7532840,723808
2406,2493188,-5159625,7652813
13249,7618273,-1782771,9401044
9434,1544633,-2988771,4533404
70301,9189948,8799614,390334
9431,5648727,-4282593,9931320
11503,5834454,2694844,3139610
9355,6672043,-2936833,9608876
9880,6395741,4176414,2219327
2664,1968481,-3038526,5007007
10373,4810156,-259576,5069732
13973,7125766,-747224,7872990
2703,2270353,-598910,2869263
72638,8507155,7593002,914153
2758,5330960,1696091,3634869
8123,9550065,4102902,5447163
2581,5228267,3619672,1608595
2408,5071108,1907320,3163788
2437,8605556,4008299,4597257
7988,1325534,-2318745,3644279
13344,2188908,-82963,2271871
11506,2966912,230614,2736298
2745,1040191,-1089073,2129264
8920,5412190,3984428,1427762
75403,7151083,4015401,3135682
2393,9843586,8718959,1124627
2725,2529410,994612,1534798
2701,3491171,828158,2663013
2459,6613809,-799393,7413202
72831,9910712,5916456,3994256
2360,3278314,3025328,252986
13950,5678911,4078168,1600743
2828,6927553,463178,6464375
76232,4308990,-998594,5307584
9561,1940470,-1915932,3856402
7991,2537301,-3108024,5645325
8921,1333789,-1969893,3303682
76927,1746135,-7325667,9071802
2538,7702990,7544628,158362
2377,2524169,351829,2172340
72652,5714288,1676022,4038266
8690,7882216,4323794,3558422
2458,9751077,5348418,4402659
8871,1152081,-6279923,7432004
9951,9421490,3281158,6140332
13443,7142600,4104485,3038115
13345,1123161,-7257210,8380371
13618,3839865,97055,3742810
72157,8930316,6658226,2272090
10029,8544581,5991422,2553159
10737,4642707,-2614567,7257274
2544,5341362,2026138,3315224
13376,3475975,-2219519,5695494
2738,4521453,3448562,1072891
2551,4359086,-964051,5323137
2760,3819880,333101,3486779
2497,7455696,6299441,1156255
75503,8347850,8149110,198740
2429,4323989,2969650,1354339
75958,7654291,-1346509,9000800
75504,3376617,-5723283,9099900
16066,8214395,7198953,1015442
75509,1219327,-5510726,6730053
16002,2532367,1113252,1419115
76171,5286475,4364223,922252
10154,5214708,-3686567,8901275
13974,4393214,-727298,5120512
2646,1165445,-7461760,8627205
72642,2219983,-2372740,4592723
8733,5369120,-3175064,8544184
13445,4911846,-2867889,7779735
11501,9166776,7459796,1706980
2759,9626376,862018,8764358
70340,1156290,-6627342,7783632
70327,7904811,4235368,3669443
70328,5880078,-3603552,9483630
79322,1891422,-5226185,7117607
73807,5469469,2286954,3182515
13529,4638232,-5119266,9757498
72646,9084735,510323,8574412
7990,8341530,7522870,818660
2691,7955396,6026857,1928539
2659,6716319,5000977,1715342
13949,7497869,2614470,4883399
2656,1539114,-2334581,3873695
72651,4380183,2178825,2201358
2699,4300045,1856415,2443630
9560,2920243,1063023,1857220
11794,8279226,5253899,3025327
72172,8445274,4594114,3851160
10073,6071175,-530131,6601306
13755,2344195,-4658896,7003091
2478,4098549,-1300844,5399393
75248,5634500,2409184,3225316
2856,9469527,6857564,2611963
9398,7151853,6166333,985520
2670,1544751,-4061287,5606038
75386,6159191,1110496,5048695
2387,6684958,-1216101,7901059
8691,1096523,265807,830716
76180,1630700,-7625594,9256294
10827,8118040,7654952,463088
11505,5762603,-3037310,8799913
2727,6867554,-79186,6946740
13952,1693568,-6010242,7703810
10735,1328975,-1809098,3138073
9708,4725811,498492,4227319
14236,8666855,3673420,4993435
2728,8653554,1340189,7313365
2732,5196568,-1207325,6403893
13530,8441337,773282,7668055
2225,8924078,8782533,141545
11723,7689795,4483662,3206133
75630,7953509,4514886,3438623
10030,1225998,-4992892,6218890
76221,4670093,4293583,376510
2423,3686189,-1627681,5313870
76231,1563021,-7814561,9377582
2735,9636396,7884088,1752308
76479,7530509,611830,6918679
2737,3701875,-3432549,7134424
72624,3572501,-1531620,5104121
11356,8509697,1548822,6960875
75796,4789171,1818706,2970465
2624,2045715,-327301,2373016
226,2770892,-5235241,8006133
2827,4871378,-709443,5580821
9942,8332186,3353536,4978650
75309,3315313,1467262,1848051
75143,4084884,-3553075,7637959
10634,4892220,-4917319,9809539
10028,2724782,456759,2268023
76992,6750579,5866139,884440
75138,5418863,-1986250,7405113
2639,8261598,3504757,4756841
75964,3743698,-2370715,6114413
10905,6069952,-455259,6525211
2264,1490048,-3573020,5063068
2247,7458168,4609568,2848600
216,7451086,7055737,395349
76275,3349989,-3037063,6387052
282,7436945,5040635,2396310
15683,6657715,-447228,7104943
2230,2248432,-7117644,9366076
10957,2300745,-5456570,7757315
70045,4437281,-3682747,8120028
74725,6385665,-1005381,7391046
279,9403594,1935712,7467882
209,2894863,-3597790,6492653
2373,7981387,5725452,2255935
2545,6920739,4270836,2649903
72622,4767330,-1358229,6125559
2213,2432889,-5893013,8325902
10199,8505877,7489451,1016426
75987,3340533,-1867706,5208239
16309,4504871,-603436,5108307
75645,2400834,-1337092,3737926
232,2214423,-3312421,5526844
212,1264667,-6857083,8121750
238,4321542,-2620050,6941592
75212,6155239,3230966,2924273
233,1397794,-4617926,6015720
78036,8533329,1719722,6813607
2689,2365449,-6270028,8635477
72145,3918716,-3325292,7244008
2226,5773839,398983,5374856
225,9022862,1097493,7925369
10594,7592703,6889102,703601
75908,2427339,-3024173,5451512
2229,9377022,214106,9162916
2375,5672745,1847032,3825713
213,6076701,3292608,2784093
9757,1557051,-4573271,6130322
2234,1523982,-1796578,3320560
10955,2363970,-4749814,7113784
10366,5071751,145034,4926717
211,4801322,-2357750,7159072
223,9382524,-430101,9812625
2484,6311321,4146940,2164381
2756,7744136,5846783,1897353
13319,8697725,6250751,2446974
2337,4853562,-3634094,8487656
8972,9945404,7581010,2364394
2261,4335496,1407339,2928157
2255,8598728,5230996,3367732
2224,3300546,3174964,125582
13710,7687874,-1384591,9072465
257,9341393,5650613,3690780
13468,7752262,-1937951,9690213
2215,4201028,66119,4134909
229,1274624,-4844134,6118758
203,1396033,-5399121,6795154
202,9572520,6874855,2697665
289,3647875,-2351585,5999460
2410,1674190,-3914187,5588377
2565,5693869,1153992,4539877
221,4939054,-2397822,7336876
2567,4308275,-4395664,8703939
2510,2183005,1747603,435402
2877,5557889,-4342773,9900662
236,4342012,2983043,1358969
79797,5123982,1346825,3777157
2401,5502372,-1211676,6714048
72742,2938058,-3208782,6146840
11048,6678658,1187164,5491494
11719,6341259,1399789,4941470
74569,1246688,-8301808,9548496
2334,4147353,-5654802,9802155
2370,9579382,545339,9034043
2527,3826973,-736292,4563265
74973,7214414,-2445937,9660351
2412,6022778,-2659187,8681965
14433,6891062,-2878434,9769496
76564,7391408,1362721,6028687
79573,5717933,-3409292,9127225
2231,9190236,5806769,3383467
2483,5780513,3110775,2669738
206,3958728,2749744,1208984
11355,6168246,4868415,1299831
9426,8554760,7358110,1196650
75134,6275039,2676553,3598486
272,3003390,-3239314,6242704
2329,5523294,1912994,3610300
2515,8666218,2272314,6393904
16040,8926059,5221455,3704604
217,7559498,5354760,2204738
228,5379784,1929673,3450111
204,2777390,-6441716,9219106
72133,8954981,3077827,5877154
72753,7401560,7002356,399204
76743,4499797,-2037678,6537475
227,1591006,932360,658646
2636,9810338,7620052,2190286
2218,7056340,2928421,4127919
2494,8338061,1252049,7086012
11125,6060877,629563,5431314
2207,9231755,2939300,6292455
79657,3459407,866593,2592814
9758,3316665,-5844515,9161180
72733,8171577,7312031,859546
222,2153458,-2497769,4651227
76233,4628060,735607,3892453
2335,5081739,-1802258,6883997
2443,3034311,51841,2982470
2201,3465090,-2526010,5991100
2566,9288771,63038,9225733
72702,5334097,5011597,322500
14553,3714580,-4323669,8038249
2895,9022761,2479001,6543760
76178,3943491,-4258652,8202143
2514,1071364,-4772273,5843637
231,2213257,-2318982,4532239
2513,7568978,5541282,2027696
72128,4855567,1858305,2997262
2931,9515536,7769187,1746349
14256,3782221,-2328284,6110505
2896,6927037,466779,6460258
1357,8999508,5689981,3309527
2223,8600738,5155634,3445104
2298,3788108,3217264,570844
10506,6777136,5467947,1309189
75935,4149073,-3926277,8075350
76183,3590404,-2768836,6359240
2397,8482066,-209482,8691548
2635,4279564,-5339620,9619184
3915,3085245,-3502826,6588071
2369,7084075,-1895743,8979818
2615,8361262,5292687,3068575
2372,9892152,5020476,4871676
2449,7729543,5454652,2274891
2445,1476341,-2041881,3518222
2492,4240966,-4014093,8255059
2491,8405513,-617690,9023203
76375,7763479,-39035,7802514
2310,8903150,3179890,5723260
2518,3141276,2814490,326786
72156,7075866,5264312,1811554
72156,1469003,-5530879,6999882
76787,4891349,-2812483,7703832
2378,8154432,1096691,7057741
76131,9395644,7355536,2040108
9430,9380039,207466,9172573
74533,7630317,-1493157,9123474
2428,5489881,-440282,5930163
79426,2920498,2605975,314523
72676,7636863,3998642,3638221
3849,9651672,8586870,1064802
76604,4087284,293721,3793563
14054,5639481,-1475043,7114524
79472,3504738,2654927,849811
3761,6647557,50,6647507
8954,5629293,1537692,4091601
13374,4760723,-4264977,9025700
72933,2658343,19949,2638394
14163,2457432,-5628564,8085996
72164,1626398,-6174455,7800853
9476,8308501,5272870,3035631
13522,9470292,7900169,1570123
11751,1549269,-6072357,7621626
2929,4419979,478479,3941500
2568,3551641,2723435,828206
2444,9191773,5803766,3388007
13439,6028253,4263402,1764851
76478,5361398,-3005089,8366487
241,7208261,5444688,1763573
74576,5373389,-4393874,9767263
72194,7935645,-977551,8913196
75418,8156523,3010921,5145602
76373,9085899,2349141,6736758
243,6011863,5658831,353032
2252,5547973,1317247,4230726
13342,5374616,-2041424,7416040
11721,4134862,-2414757,6549619
9559,1305179,-7192515,8497694
9909,6240332,3845703,2394629
72741,4797931,-2149736,6947667
10959,8975732,3923626,5052106
7948,1346777,-7980869,9327646
10269,5614565,-3572219,9186784
10685,3071526,-6494832,9566358
76274,6485704,-1966507,8452211
2222,4661461,2502266,2159195
72974,7650579,3396654,4253925
2949,1226051,-5848260,7074311
10450,1006260,769733,236527
76182,5329690,4316065,1013625
255,2553439,-3329479,5882918
2272,4869053,2042817,2826236
72132,5272412,573874,4698538
2479,5590232,905681,4684551
11497,9501194,8196362,1304832
10453,4854479,-4666635,9521114
224,3759575,-1499341,5258916
74893,2951446,-5198218,8149664
76476,3095878,1795273,1300605
8667,2307886,-6350526,8658412
10904,7833410,4172725,3660685
2402,8051360,7100938,950422
76229,3323422,-465702,3789124
2299,6085580,-300879,6386459
2711,7670849,4269101,3401748
2214,5132405,-1150269,6282674
79581,8584418,2451438,6132980
76220,7095240,6344041,751199
72193,4388380,-1918221,6306601
2260,4259072,1876361,2382711
72182,8805453,-265479,9070932
72193,8027811,4805497,3222314
14257,4361041,-2098265,6459306
74524,4823155,332793,4490362
15752,6416291,3088556,3327735
9477,6993518,-2327500,9321018
2246,2666054,-3110834,5776888
9425,8508572,448493,8060079
70348,2444107,-944846,3388953
2320,2572231,-1183807,3756038
75792,6202162,631666,5570496
275,8765529,1206915,7558614
10452,1665474,506138,1159336
2237,6106085,4996157,1109928
72134,1622761,-7364333,8987094
75298,2107478,663189,1444289
75825,7902005,4180389,3721616
2461,7081593,-1602205,8683798
244,7327045,6610735,716310
2328,7121680,3390425,3731255
74903,5695798,3578937,2116861
11792,4632353,-4155409,8787762
264,9236237,7876300,1359937
74528,8549227,-1356438,9905665
256,1651622,-4316326,5967948
75685,6970291,1851862,5118429
11625,8295118,2327504,5967614
2239,3321035,-1847050,5168085
2660,1967229,-4299414,6266643
75816,2362857,-1536333,3899190
75817,3213463,-6616479,9829942
72894,9545557,2972013,6573544
210,9896433,5361363,4535070
2623,3409904,-6238061,9647965
8891,1543584,-3037968,4581552
15030,5694884,-1824768,7519652
10906,6417378,5268760,1148618
15487,9401474,645886,8755588
11961,5186764,-4596987,9783751
76184,2931447,-4990300,7921747
9428,2657894,-1517861,4175755
14413,7393547,6886595,506952
76477,9981976,5133310,4848666
9462,1233805,1133721,100084
10733,1836482,811536,1024946
15410,5125811,2206668,2919143
10635,7388273,-1369429,8757702
75362,5837324,3210593,2626731
10451,1193766,-8497566,9691332
72620,5428167,3924901,1503266
72183,8516994,6920327,1596667
13617,1963371,-7213241,9176612
76848,3606582,3307715,298867
11790,7649179,3959508,3689671
75440,4434019,-269031,4703050
10116,1285564,-4205783,5491347
2240,1661093,-197285,1858378
2388,6828051,5509572,1318479
76179,9696962,1937547,7759415
74519,5385762,828494,4557268
76299,4701644,-1976579,6678223
2259,8637116,2105443,6531673
74875,3577593,-5034014,8611607
266,5278635,3261764,2016871
10593,1875776,1256537,619239
76515,6042574,2284868,3757706
2682,8941805,7687557,1254248
9354,7156850,-2576457,9733307
75676,3214969,-4232465,7447434
8918,9065666,2688653,6377013
10778,5138683,4941498,197185
2716,3016543,-270772,3287315
11874,2746086,2183984,562102
76609,8525060,-1361355,9886415
74562,1951196,540355,1410841
10371,3395137,844586,2550551
8833,7353503,-298204,7651707
15431,8648665,97578,8551087
259,7934024,5152592,2781432
2386,5974479,-2318079,8292558
11179,9422356,2008769,7413587
2314,8868372,711040,8157332
72161,1984383,-227641,2212024
2603,2812413,2342818,469595
72147,9476622,-132908,9609530
9397,3385500,-3048337,6433837
265,7915659,2957992,4957667
242,9061536,3231467,5830069
16383,8232496,5710635,2521861
10734,5264714,1324309,3940405
74901,2841607,-812084,3653691
15956,3327636,-605695,3933331
11495,8796530,4748006,4048524
9911,9299141,4938667,4360474
74530,7030490,476944,6553546
235,7973302,4121225,3852077
72190,4377279,-3119684,7496963
10117,2296007,-5958369,8254376
2205,2539171,-3156337,5695508
76252,4966817,1199171,3767646
76202,9337891,-323446,9661337
72315,5430743,1916689,3514054
72384,7088179,-1165602,8253781
72323,5434990,-2935490,8370480
72245,3642358,-2098350,5740708
75762,8906573,2848393,6058180
72326,1617089,1320557,296532
72382,7451654,3451896,3999758
72197,7809777,5330738,2479039
9025,1516089,-4894682,6410771
72740,4793400,-3033762,7827162
79253,7127726,3398949,3728777
10200,8276982,2390053,5886929
79313,5529069,-563413,6092482
73816,1500297,-1054542,2554839
12764,1975007,-5930316,7905323
72749,1290312,-4051185,5341497
11851,1092787,-7897963,8990750
72716,2570836,2360116,210720
72716,6878682,5799831,1078851
8679,8077144,4434783,3642361
76733,6656253,4292196,2364057
72403,3338353,537345,2801008
72317,2336953,-6016100,8353053
72383,3494181,-2849050,6343231
72324,9543760,5176180,4367580
75711,9879629,530646,9348983
72316,2948684,-2335534,5284218
72407,7313469,2443665,4869804
72318,3672113,-2253164,5925277
2755,5837984,-2237090,8075074
10636,6888092,-2643522,9531614
9706,2722888,-3944950,6667838
10448,7696774,4872251,2824523
13613,1590486,-6398591,7989077
7953,1495595,-3088533,4584128
76429,5674105,-2422856,8096961
73886,8928779,6941140,1987639
76994,3427465,2990571,436894
72987,9697502,3071263,6626239
8653,7279822,-1680896,8960718
13788,7031515,6478015,553500
9954,5293993,705200,4588793
2480,4579123,2407116,2172007
72694,6039149,5286471,752678
76863,6790855,1437495,5353360
2873,4894046,-4136,4898182
2771,4908647,-948528,5857175
10076,1550812,-4194659,5745471
75334,7112553,3148495,3964058
76747,4135073,2938568,1196505
3877,6848352,10149,6838203
2276,1284648,-832819,2117467
72674,2769394,-1046282,3815676
79224,3249334,3040715,208619
76516,1126217,401422,724795
14214,8915295,1512584,7402711
2340,3426570,1019215,2407355
11519,4578854,-275996,4854850
9400,6907924,5293889,1614035
2285,2492610,-7476431,9969041
14200,5349646,3183396,2166250
2296,6185459,5184483,1000976
11358,3432170,805459,2626711
16115,1954338,-7070329,9024667
2250,5092913,-4699641,9792554
2714,2936540,-6100136,9036676
2690,9291390,7998091,1293299
72800,3551479,-1705992,5257471
2288,2896582,-1789931,4686513
72530,7446438,1935013,5511425
75235,8985837,238390,8747447
72809,6426364,3333018,3093346
2552,3328242,-5593617,8921859
2282,4142374,-4882163,9024537
11879,6016710,1291960,4724750
2720,3094615,2640192,454423
13380,5145386,538115,4607271
76723,9165341,1028749,8136592
2539,9434674,2154092,7280582
2485,8059094,1801085,6258009
76222,2973856,-5977716,8951572
2505,4213835,-1908306,6122141
2686,1898531,-303162,2201693
76955,8358789,576293,7782496
2517,3347201,1158158,2189043
2273,2647662,-2140803,4788465
2358,2201648,-2256701,4458349
2254,1806039,-2697209,4503248
2244,2125180,-4524551,6649731
2593,6119935,-228285,6348220
2430,1686013,-6844743,8530756
11632,4090792,-675632,4766424
73819,2792526,1835525,957001
76175,1680631,-3067823,4748454
2424,5279935,2269475,3010460
2474,2482725,1915856,566869
75470,2202684,381635,1821049
2278,1670390,-1691593,3361983
14453,1643571,-1113789,2757360
72988,3062938,-6718588,9781526
72963,6581989,1350104,5231885
3927,4159291,260036,3899255
2722,7848938,3840563,4008375
9650,2534669,-1856173,4390842
8874,2379475,-5980196,8359671
2439,7939722,5990373,1949349
3926,8904617,3514652,5389965
76583,4224993,-4636117,8861110
9955,9593392,1069623,8523769
76407,7701355,1265531,6435824
2740,8120775,1485203,6635572
72583,4439343,730768,3708575
14806,2625496,-4983545,7609041
72799,7667742,-1478229,9145971
73935,6131780,-858968,6990748
16961,8225814,5666233,2559581
2481,3572740,-868236,4440976
11517,5959059,928512,5030547
2361,4275373,-3855706,8131079
16274,3777572,-3499826,7277398
72815,4996301,2105178,2891123
14436,9496188,8912045,584143
78052,9543961,3795815,5748146
72812,6030601,-1218428,7249029
10033,6032248,-2706793,8739041
11728,1152757,-809177,1961934
76517,7821859,-2097327,9919186
16526,8024432,7195563,828869
1554,6581047,1429121,5151926
72795,8783072,-167974,8951046
70049,6341099,4650824,1690275
72714,4726952,-4548318,9275270
11878,8842324,7686040,1156284
72717,3975819,-612870,4588689
72717,2061382,-6983827,9045209
10379,7905072,4872741,3032331
72915,4852491,-1666855,6519346
8181,4979155,3189270,1789885
72789,8431546,7081241,1350305
2661,5864292,-2494010,8358302
72828,9524326,256794,9267532
76405,8248471,5664676,2583795
9710,5860240,917970,4942270
75694,5556960,256634,5300326
72713,6421256,6116998,304258
2521,8138750,909308,7229442
9651,5421523,4806482,615041
72715,9034462,7779560,1254902
72715,2923523,-489697,3413220
16239,5657646,1244007,4413639
13956,2658007,-6056695,8714702
75838,3275827,-441212,3717039
75883,3637162,1247544,2389618
75488,4264022,-4076844,8340866
79274,6568532,-193606,6762138
76406,9570078,6484376,3085702
72998,6716239,3975015,2741224
76827,1088979,-294765,1383744
72986,2913063,-5614490,8527553
10319,1756210,-1227967,2984177
72811,9487273,2281060,7206213
72735,7916051,7712297,203754
72561,1453881,-5111386,6565267
16123,8759938,2054712,6705226
8668,7635866,-2245139,9881005
72723,3964904,2905971,1058933
8957,3936100,-1407475,5343575
76847,9525891,7573954,1951937
72751,3723766,-3627909,7351675
72797,2526786,-1048978,3575764
9357,6267959,2774265,3493694
73938,4822511,-1495628,6318139
75423,3568986,-3080479,6649465
10965,7292303,-430078,7722381
75189,1219003,-6774801,7993804
13800,8743973,417645,8326328
2602,5353844,-2087979,7441823
16963,2891071,-4802626,7693697
10556,8495938,-358895,8854833
2680,8739669,5845234,2894435
75434,5847816,3528843,2318973
76273,2728102,2156288,571814
70044,9273261,6794592,2478669
79220,8171645,4939144,3232501
10446,3191177,-3058682,6249859
79331,4662349,1109108,3553241
76200,6772777,1016773,5756004
2672,3851153,742772,3108381
76371,8373573,2441009,5932564
8950,5304580,4116178,1188402
16962,2908196,-1985948,4894144
11258,5195687,672065,4523622
7926,2141559,-6752849,8894408
10953,7586047,-1313610,8899657
72188,7780261,-1543668,9323929
9266,5939344,4787764,1151580
72880,8302214,5158840,3143374
9558,6510230,5567469,942761
75739,3231721,-1759898,4991619
72644,7560300,498462,7061838
72997,5634176,-3260012,8894188
73853,2626572,-1027420,3653992
15214,3043703,-4494393,7538096
72898,3668377,1567586,2100791
11352,3434640,918531,2516109
72897,3082148,-2343360,5425508
3867,4043666,3729901,313765
8951,6420208,1551956,4868252
11178,1250663,-5107182,6357845
72636,1555653,-2611921,4167574
76537,7135472,6718186,417286
79454,1890626,-7528678,9419304
70347,4464690,-1936569,6401259
9609,7858738,-1788030,9646768
75366,3501292,-4628439,8129731
11789,2637445,-687700,3325145
2855,6392967,-2271754,8664721
72613,6379956,4766599,1613357
10363,7983763,522054,7461709
79323,3424889,-606576,4031465
10364,1171972,286337,885635
72610,3176949,-2603097,5780046
9475,4334367,4038737,295630
72913,9782538,4723191,5059347
8922,6426829,4437082,1989747
72951,8732851,2264655,6468196
76812,2429361,1272622,1156739
75560,7748785,-710349,8459134
70009,5208075,194147,5013928
72639,4763763,-278780,5042543
72932,9197405,4630486,4566919
79342,2547672,-3217673,5765345
10276,6055496,-2568525,8624021
79202,3969697,-4942564,8912261
9602,5412839,4543262,869577
79203,9698038,5780545,3917493
10526,1354388,-2356446,3710834
72884,8760099,747674,8012425
73709,2519760,492390,2027370
72874,9741675,1513902,8227773
2869,8103380,6333834,1769546
5118,6161945,3574687,2587258
79317,3434561,2818195,616366
2799,6444875,5204519,1240356
72923,6431055,-1727095,8158150
72972,1633766,-113602,1747368
76410,7156500,6437402,719098
72600,4447676,3798286,649390
79458,3268627,-1741333,5009960
8612,8972048,-930515,9902563
76820,7009493,4241709,2767784
2710,7398273,3746479,3651794
2629,6992507,1019711,5972796
76594,6794480,-1274999,8069479
2933,5468821,-3331308,8800129
78071,9042568,-660459,9703027
2662,6328472,4641939,1686533
72846,7423353,2202340,5221013
79491,3219823,-2344928,5564751
72631,5568793,-297385,5866178
2651,6963862,457270,6506592
2668,9643056,7311274,2331782
2693,4995507,2535670,2459837
76872,2310973,-792420,3103393
72948,1244314,-1477430,2721744
72602,8046968,-1473960,9520928
11529,4862207,-2687338,7549545
73741,6441786,6105172,336614
72858,1518431,-4001286,5519717
16920,5527963,-3371834,8899797
10692,4475935,-2834196,7310131
8671,6867452,5786565,1080887
76758,5353092,-2830453,8183545
8876,7147382,-145094,7292476
13972,4814497,-288242,5102739
72603,5750612,5595463,155149
11047,5703987,4418856,1285131
73744,4602887,3074132,1528755
9353,2550233,-6778686,9328919
76514,5164065,3584463,1579602
9267,6933760,672669,6261091
10993,6675111,4798841,1876270
76622,1860626,-6755910,8616536
76634,1860555,-7118197,8978752
13615,6191774,-2472221,8663995
76181,3917677,-3634572,7552249
10480,3106069,-5020251,8126320
2617,4984152,3720366,1263786
13991,1399629,-3417284,4816913
11826,3622019,-1437638,5059657
8969,7694249,-1512101,9206350
10992,6629806,6368303,261503
76528,1291662,197435,1094227
9618,5888176,2185810,3702366
16026,3641019,465060,3175959
76193,4602094,-2405618,7007712
2882,8493469,7649453,844016
9681,8367160,4710969,3656191
2632,5908987,-643162,6552149
10216,4217048,2629451,1587597
10928,6714143,687491,6026652
2258,1593449,1151912,441537
2715,3039881,2786297,253584
2351,4378586,3780715,597871
5113,6542101,5045734,1496367
9859,8703508,6910845,1792663
10305,3697707,2599723,1097984
14410,9403756,4783500,4620256
78070,8823197,1436391,7386806
2706,9479496,-283693,9763189
2558,8931266,6611320,2319946
76388,3427195,2109499,1317696
2268,7435797,5472550,1963247
2349,4918032,3091086,1826946
2883,4240911,-5367154,9608065
2305,2101479,-7438321,9539800
10535,2662300,-6451939,9114239
2524,7710662,-975390,8686052
2678,5048565,4290085,758480
2363,2517233,-5026717,7543950
2245,8038465,2915670,5122795
2812,8658170,6441384,2216786
75845,3587865,3242105,345760
2985,3435751,-6493703,9929454
13678,4400873,3357661,1043212
2512,6595253,-1361384,7956637
15512,7194002,4996045,2197957
2573,7969000,-409093,8378093
8140,8655481,1206993,7448488
2473,7213456,-1087644,8301100
76244,4315898,-5422523,9738421
9807,1188790,-3026391,4215181
9581,1084233,-6385803,7470036
76354,1585039,-7174358,8759397
76353,3606937,-1623952,5230889
9281,2307877,1378094,929783
2729,4290820,-1197208,5488028
8817,1920844,-699266,2620110
9941,1746652,-6580799,8327451
10247,8240856,5629816,2611040
2695,4067184,56241,4010943
3865,8913709,6262053,2651656
2456,7457277,-1355756,8813033
10304,1192427,-7860744,9053171
9682,1580415,-4318707,5899122
75668,3300774,2851685,449089
2713,5244923,4937639,307284
2903,6511946,5160568,1351378
9969,4959243,880254,4078989
76925,2727594,2326352,401242
2709,3345189,-3267436,6612625
9379,2386973,-5097393,7484366
8778,9354491,9007954,346537
76325,7629968,3406629,4223339
8616,9610380,6794434,2815946
10215,8964001,7884726,1079275
70365,2023688,1223340,800348
76777,3043213,-6389561,9432774
10061,9822601,426838,9395763
16518,8222490,1359907,6862583
8141,3462472,-4482690,7945162
76389,2165511,-6096783,8262294
2655,8343147,4431502,3911645
76846,8476552,2533376,5943176
2338,7890406,5221579,2668827
2425,7745236,5017263,2727973
2309,6874142,1674417,5199725
2959,9997008,3250789,6746219
8970,1666205,-6000510,7666715
2511,8728601,6660963,2067638
15479,5957740,-3551397,9509137
14685,3641952,-6063484,9705436
76773,2213734,1651788,561946
13394,6228348,4470447,1757901
75240,5531224,1777262,3753962
8139,6251414,-95715,6347129
76996,5084952,-1297784,6382736
2262,5533691,1903316,3630375
2395,2778370,882148,1896222
14512,4255957,-647365,4903322
74523,8411933,1374462,7037471
76176,5685189,1721297,3963892
13526,1725410,-6582183,8307593
74552,3886656,3542314,344342
14235,4230572,779931,3450641
14472,1823884,-7825059,9648943
2708,9058229,3909716,5148513
10507,2410240,1387386,1022854
11492,1894349,-2816672,4711021
9646,5895119,-284290,6179409
11494,8207222,-626281,8833503
2426,9894965,9404952,490013
13393,2899433,-2993710,5893143
2556,6572723,2701600,3871123
79613,5962323,-2986652,8948975
11490,9951532,9128176,823356
72169,6829925,3871679,2958246
13679,6651658,3807410,2844248
10624,6268030,148,6267882
9968,4241560,-4880321,9121881
2572,3463832,-3828783,7292615
2698,3590810,-4397927,7988737
76578,1569098,-8003545,9572643
9603,1054258,-3170698,4224956
2323,1936252,-7900522,9836774
205,1154914,-2093979,3248893
273,8156604,6888816,1267788
75793,8923064,6478127,2444937
9912,7082948,-1304045,8386993
11493,9930831,3352038,6578793
13832,7546675,-2032243,9578918
79684,9208717,3127761,6080956
76186,6436440,-2975033,9411473
2243,5346075,-1908004,7254079
10370,5481705,2106437,3375268
2471,9647016,301209,9345807
72135,7738639,4008834,3729805
76250,2902022,1587061,1314961
14108,5397110,5163256,233854
10684,2423750,-7008698,9432448
2543,8716175,6879114,1837061
2381,2900299,-1674392,4574691
2216,2427550,-5637934,8065484
72196,4326671,-2522182,6848853
2391,3002814,282940,2719874
2248,9952831,1650691,8302140
2287,5489935,1854443,3635492
2507,8830519,7488365,1342154
261,7403348,3700459,3702889
15492,1639151,-4324243,5963394
79621,3197250,172047,3025203
2739,6011637,103094,5908543
260,9351763,4618532,4733231
10777,3291541,1989312,1302229
74900,1190848,-5452815,6643663
74551,3554276,-3984472,7538748
247,2280589,1100861,1179728
2683,1936062,-1120469,3056531
2448,2813448,-5757784,8571232
12939,3383117,-1743407,5126524
281,1311223,-4334652,5645875
72191,4083701,-2933695,7017396
15583,5446812,4105986,1340826
79689,6829305,5799908,1029397
2219,6094725,502208,5592517
2470,9961068,7935943,2025125
2559,5010902,-127629,5138531
9645,6903330,2143359,4759971
2263,3813344,-3572477,7385821
2217,7123566,-2329139,9452705
2221,4459391,-4820531,9279922
14335,2905445,-1100178,4005623
2585,9056745,6353812,2702933
13440,4855885,3901671,954214
8609,4113130,-3435960,7549090
75795,5672851,-778331,6451182
78072,2214413,-5274617,7489030
2427,2745134,-1384040,4129174
75821,1421177,-6267619,7688796
10369,9748596,3655772,6092824
258,7634779,-703902,8338681
2344,4803677,3874684,928993
2535,2489625,-2913434,5403059
76349,7478500,5374761,2103739
72137,7066289,-418964,7485253
8119,4407108,-1864008,6271116
13754,7284520,4824001,2460519
2626,8510374,-870568,9380942
74520,9353339,5098626,4254713
75461,7429431,-1680553,9109984
2649,2138793,1758277,380516
76563,4588043,514843,4073200
76107,2494987,-1106954,3601941
2249,8649247,-864563,9513810
15842,1945965,-567034,2512999
76626,2004031,-543699,2547730
2746,4799146,-4669279,9468425
2826,5992268,-1282407,7274675
14234,1971717,-7709691,9681408
11496,5517284,-761322,6278606
10686,8507812,5761710,2746102
2726,4283699,-4013993,8297692
10239,2198439,-5539175,7737614
76312,4145665,-5638888,9784553
76185,2647139,56303,2590836
9949,7260116,4907392,2352724
74587,2573713,-5607000,8180713
2694,2403937,-6944645,9348582
2232,5398057,-585630,5983687
76201,2016764,-2383404,4400168
2347,9806456,8572096,1234360
76251,2758007,-2476956,5234963
2279,6812448,1357032,5455416
10687,8945590,6218629,2726961
72683,3103176,2866260,236916
9910,8703923,8341622,362301
13243,3033727,-2505988,5539715
280,5327637,4874311,453326
11498,3065660,-4426628,7492288
11793,2216235,-6081416,8297651
75686,2724792,290571,2434221
72837,4154271,-5031507,9185778
285,5941660,5243090,698570
2352,5260716,-3421726,8682442
2650,1326965,-2501415,3828380
76177,6216334,687142,5529192
10368,9788093,5728329,4059764
13888,3723535,-282736,4006271
2757,4449341,1385270,3064071
2380,9833787,7861741,1972046
76209,2164686,-4450821,6615507
9705,8887448,-63926,8951374
5102,8654240,-720962,9375202
10826,3279331,3048844,230487
10825,3355683,-945205,4300888
8952,8828130,3615916,5212214
76699,2858140,-3144711,6002851
11261,9993327,17943,9975384
8834,6450923,-2737403,9188326
75794,1178974,-4956649,6135623
13371,4369906,505252,3864654
2528,5857460,3923512,1933948
74512,5004429,-2325035,7329464
2569,2440097,-7164755,9604852
74512,4770922,-2815461,7586383
13437,3959897,-2331944,6291841
2718,4808105,-878628,5686733
10419,7805498,4283809,3521689
10768,1570810,-3458524,5029334
76652,2460945,-1682851,4143796
76130,6522112,1012178,5509934
10123,3611909,-4863693,8475602
13347,2614768,-2323077,4937845
79211,9277567,9008029,269538
2621,9225095,2698190,6526905
72719,9624398,8108636,1515762
76592,5099473,1506735,3592738
72677,8886127,7119667,1766460
15230,2058297,-94659,2152956
2529,2991392,1134655,1856737
72701,6752779,5685042,1067737
2241,6234463,3900975,2333488
72645,8700053,8330790,369263
76115,3979170,-4374337,8353507
72673,3443093,-6072505,9515598
2462,4806706,4564128,242578
76441,7171360,-2125276,9296636
9479,5891639,4715163,1176476
13624,6290983,1156905,5134078
2209,6038025,5932499,105526
9526,5125159,-2681472,7806631
76440,7170563,-446004,7616567
10743,7751913,-594698,8346611
76206,3771848,1909342,1862506
76771,1920318,-59934,1980252
10156,3051872,-6293424,9345296
76625,9038800,3597650,5441150
76316,2993739,-2410014,5403753
2211,4828016,2574759,2253257
76653,1847194,-4997259,6844453
2488,8253342,-1334994,9588336
75137,7492479,2797030,4695449
276,8686729,2427191,6259538
295,6734946,101025,6633921
78063,4633497,-3563895,8197392
76974,9859146,1218283,8640863
262,1919626,151375,1768251
9605,5293457,4463664,829793
2341,2378264,1652264,726000
2341,2683837,-4194083,6877920
72621,9362994,1454437,7908557
16011,2350250,1645315,704935
2648,4376815,-1600475,5977290
72669,1954131,-3253490,5207621
263,1442688,-771261,2213949
16152,8246792,6196216,2050576
76112,1620814,-3496069,5116883
76133,4100687,-114767,4215454
76188,8425199,47801,8377398
2469,1076769,-6559873,7636642
9652,8098961,-84090,8183051
75884,8025499,7587651,437848
72336,1859761,-6682835,8542596
75587,8828254,3971109,4857145
70341,6118369,705018,5413351
76896,3992912,1279935,2712977
2619,2296108,-2321239,4617347
2705,4028898,-5079885,9108783
76815,3387256,240524,3146732
10077,5879547,4055586,1823961
9956,5443066,4534888,908178
75788,1480535,-2441437,3921972
8611,6627061,-1320100,7947161
72682,7250107,762618,6487489
288,8702283,-805140,9507423
2452,3864390,3017854,846536
3484,7675250,6061250,1614000
9858,9451326,2327025,7124301
2578,5289651,1757302,3532349
2220,2349031,-898592,3247623
76187,4571210,2982777,1588433
271,2389242,-4250900,6640142
76641,8843807,4567463,4276344
10203,1110818,-569494,1680312
274,7027701,2825219,4202482
2696,8314227,-456676,8770903
76809,1581870,-4503687,6085557
8959,7988511,6229707,1758804
72616,5718645,5005310,713335
2592,1448770,-1941243,3390013
9762,9436182,1252499,8183683
72684,2355663,-4457899,6813562
2228,4939356,183459,4755897
76408,1587649,-1789340,3376989
9359,7513329,-65376,7578705
2325,5254543,974229,4280314
76116,1031432,-3884838,4916270
10602,9022368,249609,8772759
2366,5617942,1065153,4552789
2599,2877546,-3967724,6845270
76975,6752540,845694,5906846
2318,1764352,1000947,763405
76808,1315441,-4529947,5845388
72685,8425914,267782,8158132
9712,5902856,-27688,5930544
72678,5845431,-3181660,9027091
76736,7953080,758886,7194194
2330,5212481,-639790,5852271
76709,9257255,1994049,7263206
72650,4011429,-1324771,5336200
2440,9378903,2845863,6533040
2450,6934817,1060772,5874045
72649,3844449,-3056706,6901155
76979,7670837,5108870,2561967
11319,9221348,1174855,8046493
2657,3470735,-340880,3811615
9711,1126531,-6398320,7524851
76381,8216312,3468918,4747394
2733,7383123,-1591717,8974840
15514,5529712,-4107028,9636740
76730,5757674,-1155928,6913602
76224,1882461,-817933,2700394
76223,5761911,-1749940,7511851
10511,4306908,335528,3971380
76666,5348452,4947833,400619
16960,8388975,2950128,5438847
76645,3297103,-4811464,8108567
11880,6272116,2713084,3559032
15516,4890491,-3806649,8697140
79204,8851690,-999318,9851008
17378,5003454,-1438816,6442270
10615,2391566,-2772236,5163802
16032,2858248,-7096384,9954632
8960,8937247,-217588,9154835
9608,5148283,-4450658,9598941
17657,4368902,1967104,2401798
2914,5810249,-912185,6722434
72625,8239604,-1597121,9836725
2741,7146469,-1623160,8769629
9306,1605590,253487,1352103
76629,9492728,8646287,846441
74428,1572895,-4196141,5769036
9964,7390329,-825309,8215638
13771,2653513,2151366,502147
76980,5208097,3078896,2129201
8814,7930892,5128620,2802272
79752,6749198,4005488,2743710
8698,5528549,-3455092,8983641
76682,3277602,694185,2583417
2719,5756905,-1151117,6908022
2717,9257298,2135010,7122288
11361,1144282,-3610192,4754474
76169,5606847,786955,4819892
3435,7568063,-777310,8345373
75989,6961104,4563751,2397353
10769,2308121,-7632211,9940332
16203,6465788,-99140,6564928
11320,3789767,-4542262,8332029
73334,1913138,-2377763,4290901
9568,7731026,1018912,6712114
2730,7315995,3156078,4159917
74356,4304015,-4940814,9244829
2878,7364033,-265348,7629381
14807,7432780,4758924,2673856
79732,3564305,2747626,816679
9528,4341610,-5499266,9840876
74368,3048324,-2609333,5657657
76761,6522154,-3184545,9706699
3437,9286815,6009856,3276959
79733,3493651,-2392672,5886323
3234,7026279,-402856,7429135
3801,5978471,4850332,1128139
11259,9383077,7593359,1789718
11122,7346658,-2218776,9565434
76167,5626530,3002787,2623743
14798,2026308,1208749,817559
74787,3525095,1038648,2486447
79262,1176719,-345493,1522212
3209,4307903,-3943807,8251710
9908,6962773,-923574,7886347
3914,5804291,-3029845,8834136
9296,4822508,1640356,3182152
79672,8684595,4936717,3747878
11135,3220895,-803070,4023965
3796,4996338,-4119512,9115850
9707,9765533,549747,9215786
76911,4116317,-3077908,7194225
10558,8803899,6314132,2489767
76613,4998501,1651578,3346923
10027,6952163,-749145,7701308
8689,4942203,-1158790,6100993
10954,9072821,1656215,7416606
10449,2133415,1551990,581425
76313,4955996,428960,4527036
3432,7447680,7034849,412831
11622,5292607,827126,4465481
76337,8133072,1132207,7000865
9756,4776149,1287088,3489061
8919,9233623,7368146,1865477
10909,8741363,4947686,3793677
10592,7105874,-272032,7377906
8122,8107264,6484003,1623261
75631,1291520,-728334,2019854
8870,3263103,-3315768,6578871
76732,5939556,-3688576,9628132
13889,5728067,3384599,2343468
8121,7591983,4539335,3052648
9648,5873831,1802640,4071191
13852,1912671,-2842602,4755273
75133,7267439,4076991,3190448
13947,3748051,-5091288,8839339
14263,5947512,4960294,987218
11960,9669162,7125965,2543197
76924,1747955,-7276532,9024487
76860,6166163,621511,5544652
75586,2561300,-2226358,4787658
3198,5792193,5558398,233795
2327,7316722,5685921,1630801
75520,7040885,-540229,7581114
76692,5833279,-3506826,9340105
75478,2316094,-5152831,7468925
2362,8189425,3461318,4728107
13511,4569051,1025890,3543161
2952,6943513,227178,6716335
2311,4622023,-1676285,6298308
75717,4633825,-3879873,8513698
75707,4867453,992972,3874481
72404,4985297,1057911,3927386
7945,4475579,3958045,517534
72364,7663860,5487318,2176542
75700,8016860,3967699,4049161
72363,1985189,-6078315,8063504
11729,7118699,887189,6231510
2379,4231124,1623132,2607992
76442,3715748,-540209,4255957
11760,3446764,-3345710,6792474
2463,7329485,5513464,1816021
10383,3412075,-2925715,6337790
10562,4770295,-339895,5110190
75669,8084376,1897117,6187259
2295,7021509,-2308588,9330097
3893,1806771,1062555,744216
2295,9909294,2333125,7576169
9918,9293456,7007143,2286313
15517,9704924,8046568,1658356
2405,1088149,-637912,1726061
13811,1834186,-7333835,9168021
7995,8806818,3058469,5748349
2368,7256871,2955326,4301545
2304,2337021,-376843,2713864
9917,8581949,3208522,5373427
9335,6320581,3024796,3295785
10745,2077356,-4565474,6642830
2293,6469695,1798347,4671348
2441,9548567,854976,8693591
10205,4758790,-3718372,8477162
2421,9323202,6607265,2715937
11187,5436399,2251367,3185032
2294,3815268,-2282426,6097694
2294,4198852,1475221,2723631
8695,1059730,-5575478,6635208
16249,8025049,6039093,1985956
10563,5805621,-1654417,7460038
2522,5865365,1022554,4842811
2654,9116928,-213106,9330034
2697,3564225,-1286836,4851061
76922,5431201,3687189,1744012
2475,2518758,-3967180,6485938
2731,5540620,3630817,1909803
7994,8869122,8450946,418176
10382,8522273,8396752,125521
9990,8106301,73040,8033261
76593,1944629,-504468,2449097
11804,3375853,7671,3368182
76856,6946891,6076165,870726
11052,8545382,2595546,5949836
76794,6946831,2486998,4459833
76534,6720011,4464416,2255595
73829,7588161,2405478,5182683
11521,6211576,2067384,4144192
10322,3646913,-1102715,4749628
75457,4095583,-2584386,6679969
14088,2677471,1380280,1297191
72881,4574026,-4779955,9353981
10835,7569075,4840836,2728239
3879,7207671,1427086,5780585
9882,1947367,-5598130,7545497
2442,6537371,-3177178,9714549
9654,5567905,5194775,373130
2417,8485704,3992703,4493001
13654,7124988,3108700,4016288
79439,3504257,-20466,3524723
70367,4833627,1682349,3151278
2605,9761607,2715232,7046375
72661,7601971,-1961809,9563780
11522,3152626,-3132988,6285614
9655,6629630,5492522,1137108
13652,8574598,152939,8421659
72675,7515705,5101200,2414505
10832,5437055,5311286,125769
2326,5077170,68473,5008697
2317,7596782,1986883,5609899
70071,9565713,6478595,3087118
2677,8544283,2251568,6292715
16919,4006110,-4747430,8753540
2490,5823783,1250352,4573431
10034,1893876,-6974994,8868870
76117,1673076,337747,1335329
2292,4495930,-4852331,9348261
2416,7941169,5328829,2612340
72729,5358838,-2065391,7424229
72958,4805262,2583520,2221742
79440,9013479,1554992,7458487
10740,8063462,-1182146,9245608
2313,6612339,5368213,1244126
11627,4325311,574621,3750690
3992,1399675,525115,874560
75848,1080566,-6388480,7469046
72607,6574065,1311563,5262502
9268,1371819,-75800,1447619
72895,6540624,-3027450,9568074
13646,6134912,2086581,4048331
17279,2005261,-1550523,3555784
2446,5282918,4261194,1021724
2553,7918607,4395457,3523150
72794,9494751,2121618,7373133
76438,9307748,5858255,3449493
2418,2996820,124534,2872286
79307,6880638,4934574,1946064
2436,9467879,9049382,418497
2432,9818205,459799,9358406
76928,2075299,986125,1089174
79288,5688268,-3629331,9317599
9649,3879625,-610070,4489695
72609,5095695,4953623,142072
72606,3592632,-5703577,9296209
2331,5724264,-1785216,7509480
13953,5477218,-2913808,8391026
11626,4478589,1374764,3103825
79356,3730369,1584795,2145574
75604,5573130,-3687918,9261048
75843,3698482,-4693974,8392456
75592,3685819,-6141821,9827640
17119,4180954,-2102152,6283106
75603,1265210,624277,640933
10828,7214923,5799612,1415311
76725,5067559,-1447209,6514768
73716,9349419,4028972,5320447
75484,3729656,-5895417,9625073
2612,9269205,3601549,5667656
72838,7725078,3302488,4422590
72601,2584161,-6852705,9436866
72839,2433428,-4156980,6590408
3076,3078569,-6670126,9748695
7993,9721277,1895512,7825765
76317,1965920,822851,1143069
9761,2189151,-947740,3136891
16610,5078017,1388783,3689234
9566,9655130,9495927,159203
76533,6109774,520513,5589261
79227,1245063,-183432,1428495
13473,8294694,5239130,3055564
14980,5721389,-286643,6008032
73854,5632691,-1637401,7270092
14881,3471402,2933878,537524
73767,7725610,-2165514,9891124
16121,3376536,2867777,508759
13655,4967381,-4774420,9741801
73793,7370208,-974012,8344220
73730,7792996,-1479279,9272275
72756,4690343,2593308,2097035
8670,8408336,-1459597,9867933
2860,3669186,-3720429,7389615
72876,7386639,-2130533,9517172
10078,7840119,1412092,6428027
76567,7780269,-839947,8620216
73872,6339118,564963,5774155
72755,7063097,6867131,195966
72754,6381485,3506733,2874752
8852,2048052,-2998218,5046270
13462,6762968,4679803,2083165
10422,6607151,-3018813,9625964
70343,5914286,912365,5001921
10485,6854267,737558,6116709
10483,7268536,5297866,1970670
75494,8404686,4624385,3780301
75010,4952707,-1008385,5961092
76573,7654282,5594242,2060040
16524,4936193,4141414,794779
11520,6166992,831958,5335034
76234,6553765,-544391,7098156
9527,3781845,-5738653,9520498
72996,2723018,-4303912,7026930
72546,2586965,391535,2195430
70076,4501703,-4625428,9127131
73768,4704714,-2421618,7126332
8125,3693197,-5711097,9404294
79493,3157240,-4913370,8070610
8762,4409373,2336081,2073292
72957,2487231,236081,2251150
11752,7915405,3597475,4317930
15959,4647149,3710751,936398
70306,3506121,-1261561,4767682
16950,5690204,2001082,3689122
13206,3023659,806308,2217351
73842,2327304,-900879,3228183
76253,3940741,-4136150,8076891
2857,2265646,-7521692,9787338
72543,9271166,-136271,9407437
79352,5951550,188693,5762857
76978,8068512,4990576,3077936
2675,3601418,-579844,4181262
72835,2595630,-5441738,8037368
2898,8611379,-797087,9408466
2761,4760478,316303,4444175
2762,3032740,-4499970,7532710
2899,2866471,-4717514,7583985
76254,8280481,8074443,206038
73727,3460011,186667,3273344
2674,7930790,6530051,1400739
76277,8416643,1023168,7393475
72581,6764446,492655,6271791
79494,4771154,-2829664,7600818
8610,2591792,-4184931,6776723
10612,3340354,-268217,3608571
73841,3819880,839633,2980247
11145,1347653,-6095760,7443413
76492,9406204,4070073,5336131
15945,4449053,3170606,1278447
76376,7473243,4763644,2709599
75181,2119945,-5793825,7913770
79294,5363615,-1134344,6497959
10036,8468776,6902425,1566351
76520,5683118,-1720092,7403210
10460,6269013,-29595,6298608
76650,9208092,3520378,5687714
10277,5018146,32324,4985822
6515,7769779,4221645,3548134
73370,8285386,7521881,763505
74427,1692115,-3196763,4888878
11082,1757409,-5382902,7140311
73277,6449648,-1688791,8138439
10596,1286542,-8285991,9572533
8987,4289545,1859064,2430481
9298,3243354,339198,2904156
13737,8499415,5878832,2620583
13648,1765475,-6524654,8290129
76887,7879719,177484,7702235
8694,6039301,-3723657,9762958
11756,8887665,-489801,9377466
14087,9848768,1127728,8721040
14213,3884471,-1138337,5022808
72688,3509527,-4845622,8355149
13620,2136902,-948591,3085493
2969,9219905,8408409,811496
73111,5371010,-3585446,8956456
79441,6591981,131054,6460927
6119,6291000,2200700,4090300
76147,4745236,4250410,494826
10652,5417426,2482643,2934783
76141,7163617,4271121,2892496
6735,6524154,382741,6141413
79417,1803891,946130,857761
78058,9887107,5652729,4234378
10375,1019386,-806617,1826003
78073,5726355,-1856661,7583016
13806,3058194,-4701774,7759968
9604,7128419,3566053,3562366
76799,7409312,2247390,5161922
11357,1694757,-5580160,7274917
10271,5020902,1154313,3866589
72637,9312534,4898101,4414433
75389,5070851,2171502,2899349
11513,1292860,-3165425,4458285
13854,3463268,-331222,3794490
8886,1888194,-6681305,8569499
76868,6349494,988507,5360987
13727,5247831,-2777623,8025454
6853,3846206,-5657970,9504176
10846,1131954,719475,412479
75269,4005911,-5609657,9615568
70011,8736819,3058965,5677854
75684,7178895,-1181619,8360514
11431,9944556,6833668,3110888
76683,2908976,-6220156,9129132
10991,1073658,-6714335,7787993
9048,9793211,8244128,1549083
10484,1783728,-5986693,7770421
75151,7505357,-647492,8152849
9813,7690251,560561,7129690
10580,5378183,-3768390,9146573
8583,1512828,-1114688,2627516
11216,5203925,1974620,3229305
8579,4436142,4157878,278264
76960,6661084,3032193,3628891
11215,3317870,-5866704,9184574
10657,9126967,1155258,7971709
3883,5562415,-1528433,7090848
11884,6660814,3166555,3494259
11709,4284789,-849113,5133902
8782,5174912,-1789350,6964262
70039,1438009,-8360771,9798780
76225,2337663,-6531679,8869342
11743,8261216,4159133,4102083
9811,8467469,5366403,3101066
9810,2747792,-1908832,4656624
76995,7647013,1748636,5898377
7969,6993123,2067612,4925511
76988,5141528,-3092462,8233990
11146,5379387,-941872,6321259
10168,7756705,1007383,6749322
8925,7783631,5956200,1827431
76132,8100344,276875,7823469
6543,4824659,-2044626,6869285
7996,7383737,-137218,7520955
9923,9369730,4180766,5188964
6952,6385672,5097892,1287780
5094,9969289,9542305,426984
14406,2511758,-2946541,5458299
10753,4119319,-5339774,9459093
76719,5425427,4447576,977851
9723,7135140,-2341406,9476546
76339,4901545,2337848,2563697
9962,6023680,1204549,4819131
10694,1748372,-1465843,3214215
78095,4685305,-57145,4742450
6805,9230196,4469155,4761041
11198,5371337,-2277403,7648740
10518,2810322,-4171040,6981362
70052,5806325,-2294858,8101183
6490,1532074,738128,793946
10754,3259341,-3556786,6816127
76482,6010082,-3487818,9497900
6544,7247698,6953172,294526
72670,2287243,638881,1648362
11286,1119445,-802805,1922250
2685,6486505,5625882,860623
10400,5996713,3611262,2385451
72664,1525894,-5201643,6727537
6857,9531836,4838350,4693486
70086,4086902,-4184476,8271378
10976,9492243,8199671,1292572
73840,5830213,-3850708,9680921
13815,7520719,2563009,4957710
11142,1938483,-7068935,9007418
2919,3563722,-1751477,5315199
6341,2739269,-5275183,8014452
6227,5387282,5055705,331577
6256,4774282,-5050200,9824482
6328,1587978,-1349795,2937773
9612,9615031,4193168,5421863
79603,4351637,849717,3501920
6330,5658122,389379,5268743
6284,4181691,3123047,1058644
75429,3405147,-5013008,8418155
74630,3074272,1902947,1171325
75480,3777300,-3506773,7284073
14957,3484878,2214549,1270329
6368,2003434,-1867671,3871105
13418,6837349,2833972,4003377
74650,6485479,136960,6348519
691,3285283,-628232,3913515
6319,7419878,1736347,5683531
79528,2194162,-4337895,6532057
6238,1791251,-589228,2380479
6470,5162080,-1648741,6810821
689,7017792,1545144,5472648
75881,4665620,-123709,4789329
75836,7410793,6195790,1215003
6203,9300243,-521983,9822226
76987,1451607,-6420906,7872513
6356,3949579,-4429391,8378970
6251,7576808,6528341,1048467
16052,9364834,5237740,4127094
13331,5495331,300495,5194836
6388,6581302,4847134,1734168
76422,1813638,-5719252,7532890
8632,5836634,-820287,6656921
79731,9640702,9180715,459987
76383,7489466,2449231,5040235
6374,9132264,870838,8261426
10757,3563911,-5881792,9445703
11556,3801972,1146513,2655459
6402,9219733,4487394,4732339
16927,2985619,-1238436,4224055
6380,3133077,-6674216,9807293
9676,3348331,1969367,1378964
6373,3775793,2262112,1513681
15747,6874523,85364,6789159
6386,6718524,3619541,3098983
76121,1294043,1079169,214874
14500,4416511,-629611,5046122
14663,4709632,4292570,417062
6268,5950116,-1761846,7711962
6397,9619130,6373231,3245899
76109,8225021,2644012,5581009
9617,1203811,-6284117,7487928
79608,1560523,-4506002,6066525
14446,9759324,2043704,7715620
10618,3332290,382036,2950254
76816,8839924,6360905,2479019
6441,7766295,5209713,2556582
79565,3000740,2071997,928743
6364,4286553,1663669,2622884
6363,1284132,-6707902,7992034
14099,6955487,-289988,7245475
6422,9628747,4786715,4842032
74656,2396130,-74771,2470901
11303,1585261,-3521894,5107155
13816,5255356,-106384,5361740
76811,1738469,-7584584,9323053
73914,2689088,-925457,3614545
70361,1053392,-4711056,5764448
8884,2908700,-6611182,9519882
14815,8257389,7628988,628401
13419,8676993,8469415,207578
14582,9455087,8762709,692378
10617,8405823,7594858,810965
11075,1845502,-7983015,9828517
76420,4401041,-3369853,7770894
14860,8948941,1795740,7153201
14349,4780179,-2829873,7610052
6772,9438895,8890518,548377
5115,4472171,-3251901,7724072
11698,9391028,3380286,6010742
70363,5015648,1722950,3292698
70051,9449123,1551188,7897935
11206,3737526,-1461734,5199260
8634,7701592,2338044,5363548
11861,5976370,4701473,1274897
76932,4506854,-378342,4885196
6941,6397616,-2397652,8795268
13549,7431239,4364321,3066918
76914,4640592,1247748,3392844
76192,2652685,2077663,575022
6807,3966004,439039,3526965
2918,3422337,-4322161,7744498
72790,2069989,-5382429,7452418
9966,7235175,4763457,2471718
72967,8122358,7979041,143317
11149,9723818,1761827,7961991
76718,7652837,5353059,2299778
70385,3147657,-3937520,7085177
76817,8501810,-68583,8570393
72671,5935112,-3520231,9455343
6416,8389528,2708495,5681033
10088,9186325,1315879,7870446
3496,4292356,74203,4218153
13818,4992957,1857622,3135335
8997,8605523,-633190,9238713
76824,1662650,1119625,543025
6258,7193014,1161298,6031716
79678,4046361,-5724526,9770887
10981,6988274,1375573,5612701
10922,1942819,-6571681,8514500
8816,1170955,-8362966,9533921
15950,3629379,-748626,4378005
6698,1886426,667527,1218899
6583,9487233,593328,8893905
6312,1709294,-3914866,5624160
6796,7176279,-1435481,8611760
72698,3135836,2999493,136343
16382,5628328,-3749502,9377830
79516,2508187,656670,1851517
72184,1839059,-6363696,8202755
6355,1734901,-124700,1859601
6366,3419323,2167894,1251429
6355,9513566,3834538,5679028
76712,7644830,1605790,6039040
79226,4802365,-885352,5687717
11306,4241506,-5720854,9962360
6619,7994282,6554407,1439875
79727,2567259,-6265693,8832952
70360,6379697,5974079,405618
79219,8617820,-552716,9170536
6411,6910527,4702696,2207831
6296,8791763,6398133,2393630
6777,4481891,3751667,730224
6295,1618179,-7735528,9353707
10979,9877841,303555,9574286
73422,9738230,806492,8931738
6250,4841524,3592957,1248567
6579,7094081,4926795,2167286
79310,2339219,-1696732,4035951
15699,2068903,940392,1128511
6323,2877256,-1241036,4118292
74919,1170550,-7500783,8671333
9574,4077454,-2205922,6283376
72185,9759423,4141581,5617842
6485,1994515,-1749318,3743833
6334,2991105,-5884907,8876012
6204,1850477,-1058408,2908885
74767,3813690,-1007726,4821416
79556,9648155,1931749,7716406
6349,5861956,1149175,4712781
73846,5220579,127787,5092792
6404,5706126,-102372,5808498
6804,8364241,1190495,7173746
76172,1862699,-4925777,6788476
75902,4077810,-2993984,7071794
6736,5273140,-418018,5691158
10519,1838810,-5336154,7174964
73902,6309637,2013866,4295771
6797,7720433,-1574457,9294890
73922,3674729,-4983832,8658561
73909,3043544,-4316458,7360002
10570,4617366,1888767,2728599
8926,6885642,1834611,5051031
76890,8867010,3357058,5509952
11199,4371355,-474688,4846043
3439,6463434,6097848,365586
73915,8087161,2916586,5170575
11936,2566879,-6614137,9181016
13634,2625587,-1370793,3996380
11197,9498356,3153962,6344394
6880,8835206,2513314,6321892
70354,5149335,821611,4327724
5110,2127778,-729567,2857345
73903,4745368,-786773,5532141
11288,7097536,3617633,3479903
11560,9913607,1814327,8099280
14344,7364331,-427353,7791684
70358,3739464,3560182,179282
72562,9364089,2306017,7058072
6321,1490119,-742181,2232300
3475,4777693,1917486,2860207
72968,9051725,2770037,6281688
70375,6939228,1109396,5829832
79413,9167886,4487282,4680604
9443,4505458,-691208,5196666
6230,4843514,1929756,2913758
74629,8370021,5703721,2666300
79656,8361269,7121279,1239990
6302,5260164,3595271,1664893
695,6001299,1524101,4477198
6361,4657355,-4757088,9414443
6239,3041489,-5197509,8238998
6253,6380016,-887988,7268004
2802,3505504,1718736,1786768
2935,6829524,-577,6830101
6316,8620623,7934890,685733
79610,3597553,-1895063,5492616
6248,3806036,1741577,2064459
6244,8474684,2577520,5897164
11296,4761361,3499770,1261591
72617,3753114,-2333933,6087047
74637,8972338,2981775,5990563
6305,8069935,1394845,6675090
14144,4144875,2587705,1557170
10919,9335654,7645592,1690062
6252,2194725,1334455,860270
680,1063148,-2731583,3794731
6721,8429933,2456300,5973633
72966,7328341,5359690,1968651
6222,5865724,-3306052,9171776
6327,2775697,571331,2204366
677,1614170,-3064149,4678319
76611,6979694,4387598,2592096
9669,9391405,8167503,1223902
9993,7226497,7009270,217227
6390,3397635,471740,2925895
6249,1334782,900594,434188
9539,3306175,3152840,153335
74612,5241320,-465597,5706917
6229,6357399,4723926,1633473
2801,3172921,1579918,1593003
8680,1032633,-7617916,8650549
3465,5667301,-4324904,9992205
6291,1247662,-8394629,9642291
14997,8597269,5896914,2700355
72691,3363974,-2030113,5394087
679,2165484,-1037360,3202844
690,4773893,-5165584,9939477
6699,3229660,-2661878,5891538
17204,6055037,2275572,3779465
72626,8665015,7655631,1009384
72663,7908366,-1777581,9685947
74527,2596118,-6631115,9227233
6307,2017292,-4513314,6530606
76572,5556186,-166319,5722505
675,3890795,1085970,2804825
6335,9507744,1125148,8382596
6336,4070967,2688639,1382328
13723,6855508,4113139,2742369
76174,5544021,576616,4967405
6277,4006618,3189941,816677
6391,4212693,3390973,821720
6367,7753908,1799752,5954156
79451,3621138,-952794,4573932
13726,6190655,-2451524,8642179
79505,1781945,-2509709,4291654
6235,6903605,3353966,3549639
676,5119540,1658570,3460970
74593,3795092,492980,3302112
6379,3443998,1333579,2110419
10648,5279302,-1812166,7091468
16933,6661732,-3242794,9904526
6359,7831158,2911416,4919742
6254,9991611,6582860,3408751
75213,4512083,-3992516,8504599
9928,4344414,1885274,2459140
6329,4716378,265365,4451013
79717,6715885,-3013766,9729651
75174,2114484,-2029654,4144138
76105,5828101,5074694,753407
79217,9932092,5315627,4616465
3445,8119036,-1806681,9925717
6215,8678345,395791,8282554
6264,9115912,4928312,4187600
11567,2574606,-2824535,5399141
78019,3142142,-1767827,4909969
9312,4419748,-2669866,7089614
79749,4236083,1456103,2779980
75531,7319324,4256723,3062601
6228,7063989,5838400,1225589
13908,4800934,-1093877,5894811
10575,1508401,-3553729,5062130
75325,1378047,-7485196,8863243
75564,7735445,3114737,4620708
70003,6307348,-1266826,7574174
6854,3060353,-5489298,8549651
78062,5486697,3159081,2327616
6272,7728798,5188869,2539929
692,6105529,4032706,2072823
3535,7366016,536317,6829699
75743,9764196,8557114,1207082
75736,7136834,6373351,763483
75742,3149245,1802614,1346631
75738,2283285,-4619517,6902802
72485,3429375,-2415254,5844629
72486,9305124,7787908,1517216
75737,7360148,1304067,6056081
75741,4031085,-3867687,7898772
75562,9587619,1507483,8080136
75745,2644357,-3069518,5713875
75747,9570407,1403078,8167329
9932,1230437,-5343846,6574283
75199,9615922,-38659,9654581
6406,4031212,1919153,2112059
11944,7399702,-1376389,8776091
7998,8545157,4230980,4314177
79756,6757769,625608,6132161
9850,6096684,1785319,4311365
3871,4016143,3688476,327667
76173,8090286,1380695,6709591
79679,3089598,-5759736,8849334
10300,5594800,-1903753,7498553
6376,1393000,19579,1373421
11981,5280820,-318052,5598872
74611,8967643,6362937,2604706
5093,4075536,-1411414,5486950
10920,1992606,-4496769,6489375
6232,9414732,5610738,3803994
9668,5583970,-988233,6572203
72656,8901567,6462621,2438946
10085,8933797,1839863,7093934
76774,8000226,3096754,4903472
10333,3203398,-5417264,8620662
6313,2791089,2550176,240913
13798,9813955,3191898,6622057
72766,1638528,-789985,2428513
8701,8774968,7123277,1651691
74633,2952737,547401,2405336
79687,6165156,1338248,4826908
6394,8892653,-842557,9735210
75328,7898565,3231053,4667512
6537,2098025,-7087187,9185212
11070,5779388,-1072441,6851829
79634,6544134,3860459,2683675
9670,5325565,-4537038,9862603
3966,1967750,-112649,2080399
10699,5854917,1409284,4445633
72699,9174081,-558173,9732254
11073,5441845,1770184,3671661
79776,1771800,-6832986,8604786
74663,9724324,5543264,4181060
13728,3106152,-3608827,6714979
76883,9131099,4299652,4831447
6851,9558622,7137298,2421324
6552,7396081,-554975,7951056
7143,5586201,-2538205,8124406
6315,9802121,1525399,8276722
79309,1569254,-8367342,9936596
6259,7811141,5082608,2728533
72187,8788960,6090786,2698174
79697,6244788,1267738,4977050
79777,9201955,5577113,3624842
75375,5703181,215134,5488047
3469,8878291,6563991,2314300
9967,6658773,697282,5961491
75595,6156247,-1057629,7213876
79686,5742864,1647302,4095562
6347,2552235,-2732509,5284744
10214,6387880,-3428378,9816258
6337,8585990,4833493,3752497
10700,2676239,-4967009,7643248
74655,6814015,4380875,2433140
27171,4929293,-3998774,8928067
11822,5901258,2386538,3514720
9375,7381672,4448752,2932920
72186,6816887,-1270519,8087406
6365,9468820,3771259,5697561
13389,9154251,2647420,6506831
76122,4510809,-2262189,6772998
76727,3202676,-5544535,8747211
9540,2051344,-6585155,8636499
6778,7870705,-91540,7962245
14373,4316381,-3007275,7323656
72634,7565633,3467081,4098552
6375,8533871,7787136,746735
9314,9956532,8559001,1397531
14991,2926920,1209293,1717627
10921,4966297,-4800793,9767090
6389,3594526,-2415424,6009950
72553,5209619,3318908,1890711
16516,2697044,-3357527,6054571
8772,2334918,-1602281,3937199
8930,7303563,1437157,5866406
6507,4010320,-1170397,5180717
15951,3756032,-1211241,4967273
9935,9533696,8760017,773679
79795,2063195,-3290361,5353556
76110,7283499,6759963,523536
70307,4269942,2879593,1390349
78013,8401432,4793101,3608331
2874,1094955,-5419637,6514592
16502,5906047,-2877957,8784004
10649,3926735,2386138,1540597
6869,8085402,1344142,6741260
78074,8697767,8432044,265723
76445,3172180,431985,2740195
9929,2535934,-6607726,9143660
14347,7140014,828317,6311697
75463,1477942,-3170254,4648196
6212,4234160,1402457,2831703
11300,5321627,-3388336,8709963
27169,8746350,7095833,1650517
6667,7065764,-235805,7301569
76421,8397775,-797189,9194964
9576,4232752,472662,3760090
6260,2900790,1593912,1306878
9575,9145977,1363443,7782534
9848,2113407,-6601108,8714515
76322,4772303,-3811114,8583417
9538,5621708,5460369,161339
6201,9581989,2939004,6642985
76935,5807262,-3688296,9495558
13929,6823755,501842,6321913
72612,1963479,-2054465,4017944
6385,5460262,500754,4959508
73183,8988712,3608497,5380215
9849,6286753,-2418800,8705553
9406,9105967,7012120,2093847
10055,6264230,667133,5597097
76294,9625268,8167290,1457978
6890,9610566,9113499,497067
76419,6794274,4355256,2439018
6932,1290292,-5382849,6673141
11699,1731060,-2774912,4505972
2832,1055439,-4623989,5679428
6922,1058353,-382181,1440534
6511,3092642,-5800056,8892698
75185,6345260,1373873,4971387
6410,8545393,3982946,4562447
8998,5421681,-3078493,8500174
14399,1027645,-4990099,6017744
6471,3388483,199527,3188956
9616,8835796,5886360,2949436
7934,9442125,6179099,3263026
9579,6242213,-2229663,8471876
75327,1228576,-1562619,2791195
79319,4978174,829130,4149044
76921,7578681,5471498,2107183
9931,2973407,1103327,1870080
6668,3252147,967453,2284694
76145,5936346,4759100,1177246
79345,4698648,829010,3869638
15681,1642719,-5931791,7574510
10296,2788526,-3053277,5841803
10701,1117595,-1664420,2782015
14052,4119067,3380867,738200
72762,1316193,-1316687,2632880
6421,4654752,2577489,2077263
3866,5591998,2471114,3120884
74570,9849935,7584782,2265153
6420,3300146,-4676688,7976834
72761,9781092,3211646,6569446
72779,6810008,6104956,705052
14050,2931009,-3586952,6517961
72879,5843238,-1756515,7599753
6350,6636030,-1882564,8518594
74934,8039641,6597112,1442529
6351,4865014,-5040086,9905100
13988,8144735,4351860,3792875
10654,4986272,-3880286,8866558
8887,4901274,2466351,2434923
74561,2448751,-6546968,8995719
10246,5854973,-2742273,8597246
11771,4128594,-3553985,7682579
13699,6860312,1536421,5323891
6637,7328056,-1581948,8910004
6405,5918792,509129,5409663
8633,9481899,2360812,7121087
76801,3228984,-2686993,5915977
3443,9368384,4818957,4549427
14684,7651344,6858909,792435
16208,9936143,6162051,3774092
9673,5786092,4799854,986238
9500,5931513,1864941,4066572
6923,9681456,5363565,4317891
3444,3708160,-5951881,9660041
75253,1823536,-2737871,4561407
13478,6114845,633173,5481672
75216,3898594,2601506,1297088
6332,3752130,-4221193,7973323
9313,4169209,-2773560,6942769
10056,6916393,3916194,3000199
6267,8653540,3831947,4821593
75246,6370443,-841390,7211833
74572,8026790,2223604,5803186
75163,3421734,-6525347,9947081
6278,7374168,5859259,1514909
10298,7246909,-1399875,8646784
6409,8013358,2120212,5893146
72584,6109139,2770681,3338458
6310,8892161,8313273,578888
13672,7325639,570459,6755180
6241,1464778,-6145011,7609789
75150,7259569,1560710,5698859
6499,6684853,-1928815,8613668
78035,3711025,3016490,694535
75266,8367449,3195875,5171574
76585,5230924,-1685156,6916080
79574,3324245,-1682349,5006594
6371,2276602,-3321811,5598413
72768,6768543,-2415174,9183717
6219,3980057,-363336,4343393
6300,9023534,781539,8241995
687,2436808,-767608,3204416
72633,9921942,9324814,597128
14307,4337086,1112459,3224627
6320,8648488,2721481,5927007
6344,3403962,3269899,134063
6504,2812004,-6369905,9181909
6308,3796533,-1576222,5372755
10702,7386619,2764752,4621867
72235,7956923,2662244,5294679
10527,8534745,6950425,1584320
70359,3538351,-5284960,8823311
10793,4081113,-5165038,9246151
6338,9441318,8238137,1203181
79764,8426827,-911464,9338291
3077,7123597,4606358,2517239
681,1606198,-2709371,4315569
76155,4395669,-4653269,9048938
10879,7346561,6209808,1136753
72765,3258476,-2737532,5996008
6276,2963919,-4542295,7506214
10653,3601147,-4405851,8006998
76320,1183460,-2523943,3707403
6240,2385549,-3613680,5999229
6360,9015803,2360666,6655137
6325,6746708,-2984799,9731507
74642,6219948,-3120524,9340472
6322,4522510,-1068345,5590855
684,3945890,3212951,732939
6292,8386885,-743289,9130174
75877,6514431,364303,6150128
14912,1654598,-441430,2096028
72680,8648229,6935760,1712469
6737,1686344,-6427553,8113897
14459,7147136,-1748456,8895592
9311,6400872,-3558540,9959412
11379,6510418,-359428,6869846
678,3447629,-6129051,9576680
13390,4859550,-1022,4860572
6247,3236853,-463835,3700688
13724,6425876,-1489907,7915783
6643,2026877,1009304,1017573
8100,2493825,-2543175,5037000
79630,7674590,4214804,3459786
72681,5956133,2240256,3715877
683,9134839,1145822,7989017
9374,6723742,2074676,4649066
72527,3844618,-4612573,8457191
13963,5711013,5356407,354606
14389,5096179,-368754,5464933
74540,5816427,-1043885,6860312
76586,8284629,215976,8068653
6369,1958557,871161,1087396
6393,1224217,-2270037,3494254
6620,1796215,-1010581,2806796
13022,5631169,-3327356,8958525
72973,7864789,5215270,2649519
72941,5571095,-2187210,7758305
6723,8316992,-1491535,9808527
6265,1911198,-5279162,7190360
6808,1773651,-735621,2509272
6950,9938625,4697469,5241156
76120,1093988,-5774593,6868581
6345,6646804,2176690,4470114
76607,2457079,-6337867,8794946
6401,3014357,-5518566,8532923
6242,3030253,-4769088,7799341
6426,5368429,3968803,1399626
7955,3140887,370558,2770329
11150,4137167,-1392579,5529746
76647,6069509,-3178946,9248455
9671,2129899,-2034428,4164327
6237,2556596,240710,2315886
74646,6037326,-2900800,8938126
10122,7301991,3653497,3648494
6398,7944419,2838605,5105814
6484,5850784,1298783,4552001
75654,3625274,-4285116,7910390
9614,3323488,-5398128,8721616
72902,5626948,4689608,937340
6309,3027681,-884795,3912476
6868,5805830,-613634,6419464
74603,6854440,524177,6330263
6501,5165532,-4357115,9522647
79370,1842954,-3568507,5411461
72655,5971266,-1785173,7756439
74526,7243336,1202746,6040590
10411,7889604,2516405,5373199
10087,7932113,7392674,539439
75658,8942776,5833978,3108798
75625,4050606,-974503,5025109
6246,7907371,1837536,6069835
75789,9331988,-404082,9736070
1570,3560291,2610522,949769
78045,6474086,-1293246,7767332
78046,8925889,7370575,1555314
78047,6544694,2907999,3636695
11297,2517389,-5671139,8188528
76973,5214621,-774792,5989413
78044,3169890,-2916704,6086594
11378,7850141,1815152,6034989
72942,7103262,4653783,2449479
75809,9341155,4489657,4851498
79609,7362239,6936828,425411
72769,7762516,715641,7046875
6517,9892520,895910,8996610
7943,8453483,459671,7993812
6263,4538307,-2414984,6953291
76418,7850201,6853448,996753
11562,8786826,-198787,8985613
11205,1504849,-4800325,6305174
10619,2510020,-3886597,6396617
9672,8499326,171539,8327787
10651,7698717,7237404,461313
72659,5102618,-3054020,8156638
75218,2635860,-453350,3089210
2901,5634229,1543061,4091168
9578,9049538,3450628,5598910
10413,7195692,-2421483,9617175
8173,5802532,3466000,2336532
72628,7953253,1160898,6792355
13662,6297148,609806,5687342
6962,5175757,2310590,2865167
72559,5285942,-3695202,8981144
72823,4578515,-1702257,6280772
72687,8112845,202964,7909881
11571,6454772,473282,5981490
76902,4053144,-4886238,8939382
3446,1092677,-4719900,5812577
76870,6271169,155936,6115233
72938,9336895,6427322,2909573
72582,8811604,2537558,6274046
79435,6526522,6228175,298347
6377,9298390,9156477,141913
6933,8805783,1148245,7657538
6210,1319856,1201473,118383
76444,3009564,1621138,1388426
74382,9365498,-163507,9529005
11561,1376848,-5884330,7261178
72847,8516245,1851965,6664280
682,5245359,-2911339,8156698
2834,5735135,999083,4736052
6486,2403414,-6037530,8440944
76691,4609579,-1303592,5913171
6734,6240626,-474512,6715138
6224,2499687,-2105909,4605596
76342,1367797,-929839,2297636
8134,8249394,513853,7735541
74580,1650630,-766390,2417020
74560,4403886,1740196,2663690
72822,1778910,-2831904,4610814
6273,9467330,1929368,7537962
72693,6248497,-322879,6571376
14193,2097802,-7162251,9260053
3936,1711359,-2447260,4158619
10578,3251630,-5525940,8777570
79444,7007496,1005770,6001726
6290,3962665,-553223,4515888
76154,8608728,4240788,4367940
6384,9198544,7899143,1299401
7958,7228854,4755200,2473654
13671,2743396,-6243910,8987306
6383,5924193,1912778,4011415
8815,6334024,208047,6125977
73899,9338183,8135440,1202743
6413,6778454,5592369,1186085
74541,9248453,8595979,652474
6419,2787360,-388510,3175870
74559,4280207,-2656413,6936620
6234,5540917,-1814995,7355912
79372,1642683,-3043262,4685945
74529,4602311,-2360825,6963136
11570,6656528,4385918,2270610
79443,7377546,5294168,2083378
76203,3313391,1742924,1570467
11657,2326769,-1915511,4242280
72767,4541185,1844325,2696860
73875,8093294,7648938,444356
76675,6902286,4971087,1931199
79460,5262225,-1355323,6617548
76293,1322952,-8362011,9684963
10297,6583650,-1612369,8196019
6275,5378586,-1929065,7307651
14501,1422134,-2847366,4269500
10980,4375685,371688,4003997
10174,1584061,1116907,467154
14651,5123331,3367635,1755696
76242,6703318,-1016866,7720184
11982,8394717,7291430,1103287
76894,2810817,-2596527,5407344
11299,6333015,1473416,4859599
6774,8890864,8266601,624263
74601,5512610,-1111628,6624238
10412,6947317,-1509352,8456669
79431,4593410,-1287355,5880765
10923,3449842,-4960366,8410208
76614,1927694,-6330559,8258253
10414,9809885,2313395,7496490
16661,6433644,6212771,220873
70054,2881344,-2102493,4983837
6781,2088346,-3825785,5914131
6852,8512424,4850412,3662012
76556,8407718,5183883,3223835
78085,9509831,-32349,9542180
75396,5887782,3246417,2641365
11207,7254773,2241934,5012839
10470,5608701,5249774,358927
76494,2702530,-2096517,4799047
76321,9540069,9010488,529581
14717,5949430,3266670,2682760
8931,1586037,-8344232,9930269
13275,6594253,2634051,3960202
6209,2572988,-6284836,8857824
6574,3440550,-1004136,4444686
15287,9468829,3942043,5526786
14716,7903685,6295545,1608140
78042,3634627,2376472,1258155
6306,5008098,4136114,871984
78033,5171205,-3249475,8420680
76104,9582677,5297528,4285149
11569,1601638,-4872688,6474326
16042,7196983,4926770,2270213
9783,3922413,-1182559,5104972
72203,4422168,1950706,2471462
75170,3999946,1536484,2463462
9501,4733999,-1325974,6059973
9674,7864748,4271245,3593503
76146,8657572,3534004,5123568
72627,8032479,3359346,4673133
76910,3997207,-2127681,6124888
6628,6039935,1681175,4358760
14816,2266897,193646,2073251
10472,3107215,14358,3092857
75149,3533704,-712531,4246235
686,3265298,2292841,972457
6294,5288540,-2458359,7746899
6208,1244226,-7449608,8693834
6243,5146407,-1520393,6666800
6270,5208829,-366327,5575156
16904,3986127,1106638,2879489
13839,3244767,-862000,4106767
76989,4832259,-4308051,9140310
2881,5152382,-2107369,7259751
6217,7440276,3634071,3806205
2835,4568865,1454512,3114353
78078,6515669,-680775,7196444
7103,5614702,-3384399,8999101
15702,7818087,6198447,1619640
75428,5063678,3928645,1135033
75584,9372873,8855023,517850
6220,2208437,1656004,552433
10577,1349333,-6192520,7541853
78010,5069185,3823466,1245719
75558,8134250,5560030,2574220
3948,2072862,-2451652,4524514
76704,6034270,-426762,6461032
10982,2539702,-7098451,9638153
76140,3482450,-4519602,8002052
13357,3276327,-4079892,7356219
14192,1913964,-1339193,3253157
12954,5996978,-1111129,7108107
6396,9275237,6741013,2534224
72640,7379603,-772991,8152594
11305,4176932,-302210,4479142
6340,7576951,5022838,2554113
70362,3034685,-5506024,8540709
6261,4978655,-1198048,6176703
11304,9841828,3757000,6084828
13909,5091424,-2123651,7215075
76759,6795944,-2085962,8881906
6378,9333662,3166301,6167361
3882,5203065,-24395,5227460
75974,7083436,4719186,2364250
10647,9020955,1288518,7732437
10471,8766445,5353075,3413370
9933,8745363,4647680,4097683
11943,8446663,-891011,9337674
9301,5473069,-1835309,7308378
8102,2006153,-2094444,4100597
76671,7807004,7494736,312268
76697,8727936,4312829,4415107
2956,1562995,41933,1521062
13420,4342488,925969,3416519
11566,5443415,3823371,1620044
76498,6769317,-1158018,7927335
14223,3314771,-1877265,5192036
75718,1908979,-552688,2461667
9893,1551564,-5920843,7472407
76581,8862059,2591776,6270283
10410,9172494,7706817,1465677
7071,3490344,-3862939,7353283
13907,8593256,2612115,5981141
6720,2549278,-6311934,8861212
6757,7563949,6734485,829464
6634,4442577,-20604,4463181
14191,6794867,4075638,2719229
75755,6414953,-1650860,8065813
7924,6874455,1519322,5355133
9934,4907601,-2043915,6951516
76695,2370889,-2924204,5295093
11860,1188323,-176797,1365120
6775,9112856,1835305,7277551
14270,3083263,1506010,1577253
6692,3557857,-5031902,8589759
9445,1487320,-7126346,8613666
6953,2295240,-4257345,6552585
75215,1281079,-5030860,6311939
73411,9767782,6567824,3199958
6830,2558535,-3513611,6072146
10878,9846859,5618241,4228618
9502,1001907,690265,311642
13700,6634591,-1877143,8511734
2979,6631578,4043224,2588354
16662,9301244,9178378,122866
3884,9343810,6947443,2396367
14992,6102497,1210129,4892368
1566,7021626,2434449,4587177
75971,6793433,2112776,4680657
14445,1444226,-2542222,3986448
9446,8668685,3138683,5530002
6866,8456618,5606857,2849761
2978,8783172,6692124,2091048
11645,8634333,1263649,7370684
10747,6471535,6360078,111457
2774,5776967,2258474,3518493
9729,3718617,-171047,3889664
6642,2343675,-7442235,9785910
76711,6666952,-3264795,9931747
10969,8514268,4826713,3687555
6833,6996964,-2733894,9730858
74263,7708333,4880721,2827612
9600,8442374,893396,7548978
10856,6525099,2076671,4448428
74190,1434295,909778,524517
6881,4797985,4390086,407899
5283,1349896,-7333757,8683653
6821,9493254,4737865,4755389
72689,2421106,-2385690,4806796
74307,1037245,8051,1029194
10114,6382961,-3267906,9650867
79569,3956739,-3211666,7168405
73961,2064743,-6282162,8346905
74351,2209904,-5412641,7622545
14072,8753065,3544519,5208546
5573,6538540,2376759,4161781
6878,1072726,-1529492,2602218
5294,8292701,5902837,2389864
11034,3191340,-1284406,4475746
73605,3601837,-1027283,4629120
11246,5231132,473206,4757926
10438,1985817,115870,1869947
6566,7708537,1964808,5743729
252,4084448,1963349,2121099
75001,6534416,1980394,4554022
76305,3947496,1410126,2537370
10632,1570067,-3208770,4778837
74278,4581435,-169053,4750488
74106,2856658,572693,2283965
5722,3100465,-6017737,9118202
6776,1926857,-88855,2015712
76981,4305312,943981,3361331
6540,2391311,-1475093,3866404
74108,4359936,4218864,141072
9193,6349875,-974566,7324441
11474,1614531,-1252980,2867511
10862,6512293,2313849,4198444
73566,5085303,3716888,1368415
76165,7614592,243460,7371132
249,9943113,7468237,2474876
5440,1336759,-6442795,7779554
6225,6109246,-3048861,9158107
10625,9857045,5741404,4115641
74140,5149579,999600,4149979
79292,8504537,-1073118,9577655
5434,9920395,5736150,4184245
74705,9068763,4588514,4480249
12848,9951645,8577534,1374111
75005,7210855,2640692,4570163
13339,5173964,4122681,1051283
8115,1886342,1675106,211236
277,7364354,-1360254,8724608
74254,4713619,523510,4190109
73837,6823409,-1525477,8348886
8916,1825015,-3928767,5753782
5299,6053531,1329980,4723551
2817,8601136,-188654,8789790
16946,2307938,-1789205,4097143
76123,2924142,2550730,373412
10866,5031041,2956442,2074599
5315,7021556,-1781964,8803520
10864,2741724,1791688,950036
270,3533414,-3478590,7012004
254,6191294,2939752,3251542
10262,8380402,-692878,9073280
6214,9354890,2089516,7265374
74178,8646437,-359502,9005939
10861,5740844,-3093800,8834644
253,1326359,-762344,2088703
76470,3749015,-3935680,7684695
10861,2248175,-561145,2809320
10436,7291918,-873449,8165367
237,5520490,3936304,1584186
10261,3763145,-743065,4506210
75009,5565625,1332592,4233033
74120,4793328,-1063830,5857158
9128,1695225,-4386814,6082039
74105,1830879,-6660189,8491068
239,5939436,1877604,4061832
2946,2439389,-5874775,8314164
76713,5232332,-2310886,7543218
74139,1108792,-6682692,7791484
6456,9444294,7683199,1761095
76472,9511026,1167496,8343530
8971,6882239,2151938,4730301
74791,2426670,-6104925,8531595
74125,2180247,1075125,1105122
10674,6909521,3921529,2987992
11473,5599227,2170396,3428831
75003,1132802,-4149507,5282309
5413,3439459,-5725620,9165079
73123,3186685,2338982,847703
5425,4181822,-127798,4309620
11476,6123376,-2241382,8364758
2204,9066219,-773731,9839950
10351,3704001,-1159543,4863544
73165,4721312,383237,4338075
6618,4626067,3260244,1365823
5285,6636055,5747794,888261
6324,4139108,-2779660,6918768
74282,2104679,-488646,2593325
5410,3564556,-5562946,9127502
75324,6007871,536622,5471249
6205,9233203,5015033,4218170
76124,3936145,1365885,2570260
6339,3443164,-3785164,7228328
5640,6423665,3157493,3266172
76895,8654226,2554943,6099283
79283,9296477,6654853,2641624
6381,9035932,2377097,6658835
75506,5281203,-4553983,9835186
10673,6748268,-209981,6958249
73787,6234128,2940602,3293526
16320,1467171,-6996771,8463942
6697,9502124,8172045,1330079
15466,8525805,4837193,3688612
5392,8903849,5067569,3836280
78024,1354096,-319027,1673123
6822,3768052,-559767,4327819
75526,6043772,-308788,6352560
6657,3716688,3053251,663437
248,9944609,6771956,3172653
5803,5036618,2669751,2366867
72853,8663323,6256534,2406789
11109,8866197,2486401,6379796
13490,3313243,-445534,3758777
10496,6454118,2048734,4405384
79714,4728254,-5137817,9866071
6342,8438213,4099503,4338710
75959,9533080,728519,8804561
75960,1155539,-6678722,7834261
74141,9528740,7210158,2318582
5325,7072793,-1438439,8511232
6569,9236357,3131376,6104981
75004,6099455,-300359,6399814
8982,6505101,5715814,789287
74257,5522100,-2621912,8144012
13604,4670010,3516357,1153653
10019,6423391,-2270261,8693652
74320,4041796,-1344960,5386756
5112,1947831,-2616726,4564557
10770,5280815,-459270,5740085
75002,4375435,-830892,5206327
74296,3120970,2569549,551421
8758,1636061,-3106128,4742189
76782,9012374,5919507,3092867
11105,9119374,2555300,6564074
11995,2289011,855522,1433489
5718,6397068,1772466,4624602
9599,3379434,-4539954,7919388
15145,4917743,-1431645,6349388
6998,1196597,-2464908,3661505
79344,5769303,5016201,753102
74988,1393617,-6937264,8330881
73172,3188231,1273320,1914911
6879,6565428,5225282,1340146
5342,9773514,2642793,7130721
74407,4157943,-4175777,8333720
74371,3613751,-3312199,6925950
10316,3614586,2588715,1025871
72648,9843305,6637937,3205368
74295,5733294,283251,5450043
6528,2390471,-5870145,8260616
8863,9827169,4024962,5802207
8915,1972846,-5351553,7324399
13489,8839382,8039484,799898
75007,7515372,4731539,2783833
5399,1836339,-1273613,3109952
5390,5735921,-3692046,9427967
11111,8050508,1535887,6514621
10437,3935701,-2174321,6110022
79619,4775086,-1218517,5993603
73797,7266655,869627,6397028
6945,2472319,-1890180,4362499
6905,9998973,113829,9885144
8757,5537033,-2576416,8113449
6565,3205096,-597766,3802862
10863,3059112,-2995862,6054974
2825,4128263,-255789,4384052
13822,7871963,1183924,6688039
76710,3939709,1814389,2125320
76471,2641339,-5488803,8130142
74109,5587965,-4332802,9920767
5806,7527911,5899956,1627955
74373,3195410,1741757,1453653
75006,4441238,-824218,5265456
10720,5884199,-3071660,8955859
72647,1133047,-5714491,6847538
6223,9344573,7176438,2168135
5804,8744075,3906777,4837298
74479,7309000,-39191,7348191
74291,9881654,5195011,4686643
16635,9711305,8280594,1430711
76512,4682625,551881,4130744
9554,5534235,3398947,2135288
5293,5492540,-3308366,8800906
74697,8038223,-1015542,9053765
72859,4394072,2639613,1754459
251,7378337,4042542,3335795
5647,2254842,396631,1858211
73956,9166668,1799809,7366859
6187,6018088,-2287102,8305190
6407,9248891,8651971,596920
75585,6212353,-312189,6524542
11479,1048920,-2450513,3499433
72690,4548798,4182787,366011
6333,9531584,4746092,4785492
74170,8925718,7251588,1674130
74113,9037091,5926280,3110811
79266,1008946,312200,696746
10149,2344678,-3150949,5495627
9692,1742002,-5564588,7306590
74158,5971197,4803373,1167824
76246,3831093,2951384,879709
74158,3559728,2928069,631659
10724,6324559,3436828,2887731
5358,2543744,-4822,2548566
11780,9494736,6997600,2497136
1542,1339380,-5089209,6428589
70077,1625561,-1407273,3032834
74247,3587673,-3650308,7237981
74129,7388850,5553883,1834967
76717,9356221,5854162,3502059
73931,9437618,112185,9325433
13233,5847461,1474451,4373010
74329,2761456,904474,1856982
74355,2491336,-3319999,5811335
6425,2757180,-3099045,5856225
6834,5466069,-2213058,7679127
9946,7583448,5628841,1954607
10722,2247480,-2070438,4317918
13425,6849024,-442044,7291068
10858,4428510,-752198,5180708
10867,8815817,4889340,3926477
74480,7647864,3588902,4058962
10228,4521651,-610311,5131962
74306,4938303,-3279874,8218177
72892,1410182,-7028779,8438961
79264,4104164,-235400,4339564
5587,1593186,-7834679,9427865
72611,6758380,-1576504,8334884
74348,3175090,-4559514,7734604
13426,4192916,3647930,544986
8626,8375818,1547046,6828772
79529,4714552,-2181339,6895891
13938,6508764,6340213,168551
16497,3325209,-1049037,4374246
74879,9983608,5376288,4607320
14451,8860969,8153635,707334
73753,4826940,2548955,2277985
74353,4800135,-4174542,8974677
74233,6967804,621185,6346619
73898,4286849,72213,4214636
10857,9779159,391426,9387733
246,7172188,520792,6651396
72937,9275333,4899555,4375778
74497,6932052,-272796,7204848
10588,6399649,5631260,768389
76166,2266473,-3433467,5699940
5594,8055655,-1507791,9563446
240,9091805,8937479,154326
8677,8546679,7593767,952912
5548,2392759,-184463,2577222
74298,1399148,-7719511,9118659
5306,7230484,6013738,1216746
74132,4318960,-96933,4415893
6638,6875829,2027507,4848322
73844,8424897,1085057,7339840
76651,6051907,150261,5901646
10317,5889700,-3427478,9317178
74110,3986367,-5572306,9558673
74110,8278321,439708,7838613
75527,3066760,-4538051,7604811
8663,1905002,-5760651,7665653
74333,7209664,1920717,5288947
6759,6862161,1446453,5415708
10677,6922871,5845924,1076947
74238,2970584,834806,2135778
9693,5847617,-1425529,7273146
75535,3024704,-1921612,4946316
76762,6784840,2695718,4089122
13336,4328742,-4337438,8666180
73722,3849749,3705239,144510
6845,4952673,2485630,2467043
6946,9856041,1816724,8039317
73585,8934391,-744396,9678787
74343,6802339,2393996,4408343
76125,8963121,3921540,5041581
74415,9441808,3988541,5453267
11838,4270440,2720184,1550256
6919,1679485,1275142,404343
6216,7174911,2618921,4555990
6352,6460724,-2905847,9366571
73632,5572744,612968,4959776
75277,7407151,-375860,7783011
6872,8321051,5944858,2376193
74261,4747898,-649726,5397624
6948,3672536,-4593501,8266037
74310,4290919,-5309428,9600347
74363,4761170,-2858845,7620015
75611,9243824,4923008,4320816
75672,6827304,3147485,3679819
74340,8569345,7020421,1548924
6684,6590999,4478070,2112929
5458,4373836,240987,4132849
73824,2628098,-5919241,8547339
5372,5161800,4084067,1077733
74335,7886655,6588793,1297862
6382,9892665,2969205,6923460
10499,5924589,5638914,285675
74341,9109209,1176798,7932411
11169,2486769,-885780,3372549
10723,8522402,4746904,3775498
6508,5830873,-1158084,6988957
74380,7769194,-449234,8218428
15028,5868464,5328145,540319
6906,7320008,-2324194,9644202
72926,7375348,3595111,3780237
74342,2366411,-1433608,3800019
72848,4110408,-4569262,8679670
6910,7555924,-2175765,9731689
73806,3454692,392569,3062123
5449,5969403,1494956,4474447
8830,4786316,1992873,2793443
10897,7815465,3908181,3907284
6392,6985979,3888270,3097709
5354,5212509,-1012739,6225248
72692,3522288,1914831,1607457
5333,1963980,-2429059,4393039
74347,2401943,-505083,2907026
76907,8974953,5462559,3512394
2202,2479084,-2701430,5180514
74388,2919021,-2469121,5388142
5671,5169593,315861,4853732
296,9467919,8051900,1416019
79240,1252902,-588073,1840975
3780,2493010,-2602611,5095621
14944,9790598,4052809,5737789
14104,8437684,2847026,5590658
74357,9492132,3464304,6027828
6570,6177602,-619770,6797372
15467,8192338,6201429,1990909
72896,9788617,3866232,5922385
74397,1251014,-7849995,9101009
74157,2280782,-5520852,7801634
74386,3057310,-2328587,5385897
6884,3851405,-890445,4741850
72587,2903451,2332844,570607
74159,7026857,-2749699,9776556
297,1530868,-3927157,5458025
267,4075066,-236699,4311765
5612,9539905,5423564,4116341
74199,7770115,6469801,1300314
79680,3602232,-1002156,4604388
5802,8134531,6961787,1172744
75421,8997097,5085040,3912057
11713,5964641,3884581,2080060
6832,1671426,1380115,291311
74490,3501241,-2370321,5871562
15861,7028871,627057,6401814
74245,4952065,4719558,232507
74155,2119731,-6412554,8532285
72122,4837604,1657233,3180371
72901,4864717,1968763,2895954
1301,2753035,-1555284,4308319
78016,2282550,-7255188,9537738
74366,3515650,1742812,1772838
5397,1127642,502840,624802
6615,6164165,4397349,1766816
75581,3646664,-5361958,9008622
73888,8475917,3724864,4751053
79746,4969785,367090,4602695
79273,6450808,3825772,2625036
73754,8910533,4564828,4345705
74833,4486291,-1596124,6082415
2939,1555917,981979,573938
76434,6429704,1625993,4803711
74534,2631771,937695,1694076
11107,2999081,-4024175,7023256
79614,8364110,255386,8108724
74385,2812918,514538,2298380
73320,1464878,-6289152,7754030
13492,7864556,-1225669,9090225
6627,9932010,4190632,5741378
11112,7851477,1156935,6694542
2875,1898549,-6639250,8537799
79617,6335834,4114962,2220872
74491,6626251,6335097,291154
9597,9322569,4588880,4733689
73347,4803157,2799961,2003196
79748,9359476,3597501,5761975
76642,2583313,-6825828,9409141
10041,4948748,861179,4087569
74243,5375400,2277671,3097729
73871,4873180,-149283,5022463
76854,3439077,111322,3327755
8664,4709188,-2009659,6718847
72588,8754066,5059853,3694213
8685,6888375,-1443311,8331686
10896,2862066,-3398259,6260325
72596,2302762,-3869224,6171986
74318,9963651,2265522,7698129
73561,8982274,8003162,979112
79471,2003112,-2196701,4199813
74330,1809559,-606789,2416348
73431,5132574,674021,4458553
11477,6062993,3277703,2785290
76164,5776011,367450,5408561
10676,8002615,7158061,844554
70332,5205550,4693994,511556
79381,8931976,8291508,640468
9619,8490396,6161651,2328745
79668,5536197,4035233,1500964
11862,2455723,-3050755,5506478
10849,3439860,-4170836,7610696
73652,8268539,2824125,5444414
10058,1905022,-3619273,5524295
79340,4966521,-3853543,8820064
73681,1831607,-5042712,6874319
11123,5967707,1790986,4176721
11844,6002160,-3976372,9978532
79335,8514941,4360299,4154642
73573,7456173,-1149905,8606078
10984,1212300,-8420671,9632971
16572,5366093,2884892,2481201
11959,3430969,-2736767,6167736
76372,7144217,-2646195,9790412
3354,4510145,2840053,1670092
11317,9700929,9159801,541128
73319,7449286,1669663,5779623
79663,9074732,1193,9073539
3760,2261276,-1912735,4174011
3357,2595660,-1954563,4550223
74404,8802762,5788662,3014100
3358,9821843,3482416,6339427
4130,6099687,-1309380,7409067
3236,3303824,-5609417,8913241
73690,1725486,-1068418,2793904
10732,9968691,2000047,7968644
9879,3427296,-5766474,9193770
73130,8354841,7488500,866341
3235,3156450,-4532316,7688766
10268,6662083,-499493,7161576
73137,4055165,653723,3401442
13519,9943607,7869474,2074133
75455,5135789,497059,4638730
3266,3609815,-5284602,8894417
72728,5232370,4395863,836507
79243,9160865,8656327,504538
10070,1791089,-393719,2184808
3246,9867412,2015355,7852057
8832,3153461,-476964,3630425
73478,3531175,56173,3475002
13571,9215985,7331012,1884973
9297,3420269,1812932,1607337
3254,9345122,8829321,515801
15773,7063327,3235218,3828109
72706,4938505,-2955702,7894207
8831,7957482,4048978,3908504
14832,2555446,-6061096,8616542
76698,6002844,629013,5373831
13688,1793037,-7774502,9567539
3378,1182232,234047,948185
79637,4711315,-1582600,6293915
3284,2255295,-674670,2929965
79513,1159236,389249,769987
8935,9834123,1639019,8195104
73116,5893759,-4096500,9990259
3230,7055047,2440800,4614247
79726,6151659,-1466334,7617993
8849,9115165,8384964,730201
9853,8233505,-1317499,9551004
361,7595083,5423812,2171271
8138,4501575,2365651,2135924
79590,5159452,-3980060,9139512
10477,1119584,-7218538,8338122
74251,1557102,-5309536,6866638
3342,6702372,4736077,1966295
72722,4073222,-975972,5049194
14719,1572904,-1207889,2780793
3968,8309903,4144330,4165573
74252,3051672,-1998008,5049680
3200,7050499,-677723,7728222
3450,3188203,2416961,771242
360,1446463,1058010,388453
362,1553755,-181075,1734830
74777,5923701,-2259451,8183152
8681,2645640,-107579,2753219
8655,8159016,7478440,680576
3916,4687505,-5273272,9960777
74913,9737066,3480861,6256205
2926,9963108,3054962,6908146
368,8656766,3881159,4775607
3269,8846967,7259936,1587031
3377,2843981,-6400714,9244695
13932,7718909,2189047,5529862
10177,5270047,449096,4820951
75926,6257320,4669516,1587804
75930,7772403,-1909644,9682047
70075,9549778,6035152,3514626
9854,1682252,-8203332,9885584
79658,2847156,-7398,2854554
70368,7115391,2595432,4519959
9730,9349733,3800096,5549637
17281,2573187,-2577718,5150905
6924,9230348,1116896,8113452
9894,9182481,7517618,1664863
8967,5375111,2753966,2621145
10881,2371507,-626497,2998004
9580,9248612,8455074,793538
72605,1066695,-3942751,5009446
13277,2402168,-583209,2985377
76525,7870133,7617381,252752
11949,6430673,5169860,1260813
5890,1150058,-5555227,6705285
72604,8191304,5959509,2231795
6835,8074096,-1794247,9868343
76706,2761832,-3443447,6205279
73448,2685624,-6408256,9093880
5338,5057907,-4217677,9275584
10473,3298691,2790397,508294
13989,9744785,3651504,6093281
73586,9441521,6846048,2595473
5459,5753534,339833,5413701
11309,6087154,2434917,3652237
6611,6317996,715853,5602143
73421,5004914,3881564,1123350
5310,8143061,-1317527,9460588
11947,4710047,-2637278,7347325
5329,2594062,-3497233,6091295
8932,6564659,4448150,2116509
9084,3451970,2164658,1287312
73952,2089015,-3228694,5317709
13391,5905872,2352388,3553484
5658,9976197,804248,9171949
75547,8880320,2932655,5947665
75144,3955376,970495,2984881
75920,4254791,3511913,742878
6453,5851626,5379843,471783
72355,3651669,-2388726,6040395
16691,4854718,-1020640,5875358
16678,7862854,-566374,8429228
75876,2252042,-902710,3154752
10794,5501586,1248516,4253070
10703,9398603,9039409,359194
73348,5255862,-455208,5711070
10983,9212261,-711548,9923809
13841,9348673,5261960,4086713
10760,1867844,-4779303,6647147
11572,1327510,1221684,105826
2920,5911316,-2209647,8120963
75638,8848876,-173522,9022398
10334,4840037,-2468077,7308114
10416,2998506,-3198569,6197075
73689,9769536,1912568,7856968
2936,5180999,-3360870,8541869
75273,5590541,-3775496,9366037
75551,8543186,5325972,3217214
79615,3029640,-4172556,7202196
79551,8216879,6932603,1284276
74743,6856659,539697,6316962
76731,7897832,4415195,3482637
11326,9608229,5338278,4269951
6622,3206237,-1262716,4468953
11433,3844616,1190067,2654549
72590,1306653,-3437294,4743947
11219,1340274,-7577622,8917896
73762,1034769,79308,955461
79707,9178278,8749215,429063
79767,1734294,-337404,2071698
73629,7785656,4435742,3349914
74864,6429950,1682509,4747441
10094,9469185,2827203,6641982
74733,3849732,-4431332,8281064
16389,1442040,-320010,1762050
73125,8306400,547720,7758680
73838,1188202,-1796187,2984389
3199,8331257,4858634,3472623
6894,1301349,-3813646,5114995
5500,4199193,3786988,412205
7074,9468927,8047113,1421814
74450,3918219,-5946145,9864364
5036,4349088,825939,3523149
5376,8154025,1964720,6189305
5622,8721028,7676251,1044777
73971,8460446,7211157,1249289
6733,9154488,7913676,1240812
6874,2835789,-4775949,7611738
74401,6761268,-2297006,9058274
72123,4126351,-4924133,9050484
79705,5658690,-3830904,9489594
5465,5609799,-2298364,7908163
6539,6712239,-1180189,7892428
10259,6813970,6608107,205863
75378,1936339,-5631185,7567524
79721,7837148,-258678,8095826
5451,4878869,-3904231,8783100
72593,4178316,-4598769,8777085
11892,1355796,-269206,1625002
9251,2519516,1417741,1101775
8974,6278656,-2192940,8471596
9065,6269643,-333713,6603356
9450,9868700,5865147,4003553
76853,9033241,2892679,6140562
73583,5886525,-3042105,8928630
79769,5269262,-2432288,7701550
6690,7935522,1157674,6777848
74198,2582513,-3403885,5986398
70322,9319366,401510,8917856
1249,8753786,2719995,6033791
6682,1417691,-93484,1511175
14177,4974687,-4246266,9220953
79754,8662069,780380,7881689
11890,6476326,-1268205,7744531
10309,8063424,6325505,1737919
6581,5575209,797044,4778165
8606,9688854,2043658,7645196
6779,1091549,-1887435,2978984
76656,8944279,6764855,2179424
74284,1253899,1121176,132723
14560,1964249,-367351,2331600
76968,8809436,4690556,4118880
76360,5677137,3719173,1957964
5923,1944451,1807519,136932
74446,6567353,-1374631,7941984
7971,1566353,1286584,279769
5829,1835418,-5242870,7078288
5469,7980712,5222026,2758686
74234,4920724,-1505706,6426430
9997,1720356,-5666679,7387035
9415,8320774,5549669,2771105
8188,1643595,-5314254,6957849
73175,5082684,-4893941,9976625
76825,2281912,-3590061,5871973
10931,4950344,263776,4686568
76596,4431375,1455171,2976204
8656,8114057,4736012,3378045
74723,4170274,869704,3300570
9590,9765239,8712198,1053041
74944,8797276,6316704,2480572
10930,9570739,3447944,6122795
10128,4806059,1991384,2814675
74209,5485201,-1530089,7015290
5008,1746411,-5309346,7055757
2836,6128209,-210787,6338996
74439,8988232,-880800,9869032
6954,7699246,-2164846,9864092
73728,3240457,-3822469,7062926
9449,8918370,6266169,2652201
5958,6690329,2942932,3747397
73505,2200667,-3356928,5557595
5480,9629601,9329169,300432
5547,6911521,1199105,5712416
75274,4936205,-2236160,7172365
76610,8380894,3619444,4761450
75507,2040429,-4226746,6267175
5435,8883374,2152825,6730549
74786,6364549,919644,5444905
5455,5146434,-4698794,9845228
72599,2159610,-3581407,5741017
73847,6129391,371078,5758313
6582,5268509,1268123,4000386
5439,3878185,-1444210,5322395
10798,9259718,1352324,7907394
16299,3128787,1415743,1713044
5422,8448767,3707472,4741295
3991,9074877,8090726,984151
5328,9769316,9063862,705454
74998,9184779,515779,8669000
5326,5202099,391101,4810998
74323,5253592,856179,4397413
70064,9191387,4489195,4702192
75322,3325871,1619324,1706547
5837,7733041,5235299,2497742
75382,4320431,567449,3752982
75198,3084232,-2509456,5593688
5534,9401720,2056341,7345379
12930,2796963,1927783,869180
74230,2227430,-4157769,6385199
73622,3348513,-1978080,5326593
5421,1128638,-7092342,8220980
2940,8808895,6624249,2184646
74449,7139880,-796742,7936622
79775,7824363,-1348018,9172381
9995,5120317,-150323,5270640
11434,1332560,-2643252,3975812
5979,2392930,-2688100,5081030
5865,3840983,2499624,1341359
79691,3299691,3097200,202491
16033,6813534,-2294744,9108278
70008,3788257,-3349227,7137484
5810,3279485,-457422,3736907
10800,2280870,-119927,2400797
14126,3751663,2537514,1214149
74436,5511120,-1570790,7081910
74862,8868579,7827827,1040752
13213,4526107,1063868,3462239
76362,8336364,-98792,8435156
14593,2225115,-798092,3023207
6942,8754937,450904,8304033
74228,1351535,-1182813,2534348
72498,9299384,2429074,6870310
6893,4215823,-540060,4755883
72482,6068987,1195342,4873645
5437,3011725,1319612,1692113
72389,9418474,1166428,8252046
16797,5645841,-4018846,9664687
17114,8522798,6132472,2390326
16835,6439692,-1360912,7800604
5327,4785327,3098068,1687259
72388,2859653,-1259021,4118674
5496,3256235,1475510,1780725
75831,7063267,-1310308,8373575
75777,8847550,3039786,5807764
75715,2060305,-2251324,4311629
72369,3081738,-4055357,7137095
76196,1640191,-1496572,3136763
72494,2787002,1647229,1139773
79515,2317144,574685,1742459
6606,2060324,-5793261,7853585
74197,4713635,4343370,370265
5558,6956469,3819774,3136695
72598,2494099,-4163737,6657836
5664,3989373,-4298031,8287404
5761,5179749,-4320471,9500220
74451,1729812,-555412,2285224
76262,3939590,3325243,614347
8605,3866680,-2308468,6175148
9414,1123733,807641,316092
7970,7407896,-1883104,9291000
72560,9302308,733112,8569196
6967,8782853,8378167,404686
9589,9196378,54712,9141666
75197,5902799,138131,5764668
74916,7463350,6756844,706506
9623,3328158,-1936990,5265148
2837,2552123,-2074070,4626193
75247,2883299,-2299558,5182857
5340,4118259,1038934,3079325
74718,8195038,5160171,3034867
13214,1940297,-7908325,9848622
73151,3663014,-1573913,5236927
75278,7357690,-240191,7597881
75178,5364244,4555145,809099
5468,9240448,-2008,9242456
74293,4247523,-3312683,7560206
76805,7994834,2404440,5590394
74940,1352240,-7458043,8810283
74722,1946459,-7275046,9221505
8103,8757819,6041883,2715936
5560,1210813,973886,236927
9996,8089878,5765086,2324792
70315,3601954,-5891700,9493654
73409,8049869,3306932,4742937
79763,2663700,524417,2139283
74101,6878480,579594,6298886
5378,4139968,2740863,1399105
5898,5383918,3957224,1426694
6966,7823793,156261,7667532
74486,1284769,556837,727932
5579,8444107,2496342,5947765
76226,7916821,-136832,8053653
6955,1091992,-4332450,5424442
6722,4304270,4022359,281911
16341,3404702,-5039443,8444145
15746,6624574,-1944104,8568678
13742,8958493,1028621,7929872
74539,3824620,-4173266,7997886
6635,4593347,-1650170,6243517
5586,4624830,-722155,5346985
79701,8998598,1619760,7378838
6885,3781049,-3161376,6942425
11984,2378877,-2759255,5138132
11084,3141023,-2542776,5683799
5907,1645073,-6625331,8270404
5974,2003085,-2289905,4292990
5656,6467875,4090177,2377698
74802,4644275,-5154729,9799004
5448,1936730,341785,1594945
79796,7690771,3394117,4296654
5415,9377953,8753323,624630
14520,5151098,1178519,3972579
74805,1263116,-3544886,4808002
5377,8414199,3869469,4544730
73540,7987372,4947730,3039642
10539,4213990,-1327292,5541282
74801,3430922,1003905,2427017
5672,4748682,-683293,5431975
8975,6821695,-1165226,7986921
3972,9265733,5171434,4094299
5966,8096500,2339097,5757403
6560,1205979,94810,1111169
13484,7257537,1247638,6009899
6498,3955701,3277542,678159
74237,4770495,-5073281,9843776
74810,2269904,-5160360,7430264
74792,7238902,-2390056,9628958
15775,8655560,1888716,6766844
74493,7335239,-1521255,8856494
70372,1037824,-441117,1478941
14378,6489513,-1017181,7506694
9413,9062263,4651015,4411248
76302,6325911,-580483,6906394
73849,7602493,1611269,5991224
5610,9520705,3246183,6274522
73578,6334843,4093796,2241047
12504,5832983,2737960,3095023
11889,1465736,-227119,1692855
72536,4854721,651816,4202905
76301,4088466,-2055035,6143501
9588,9990316,858879,9131437
74443,1914339,-3854095,5768434
6756,4745349,3580638,1164711
72589,1970696,-5850495,7821191
11891,2433833,1281282,1152551
7137,6873015,2819007,4054008
73601,5342989,1581494,3761495
76874,2068694,-1201838,3270532
72565,4744783,-3914993,8659776
9862,9596620,4514550,5082070
72564,6219021,-440164,6659185
3765,2768333,-1963218,4731551
73946,2171237,-1896253,4067490
74360,3061149,428373,2632776
14225,7798263,6257228,1541035
73965,1937053,-7614121,9551174
74398,8518116,6696337,1821779
73702,7498654,3238101,4260553
11217,1989946,-4459635,6449581
76862,2921057,-3872116,6793173
70318,5967013,450257,5516756
79659,7254230,5209460,2044770
74418,8019158,7277911,741247
8105,1630144,548895,1081249
73896,2650588,-4558861,7209449
79642,3168058,-6719854,9887912
74400,4446048,-3919451,8365499
6067,5201180,3648479,1552701
5828,4034837,3279956,754881
74290,7508836,7168179,340657
10799,4633744,485593,4148151
79778,7692832,-1850111,9542943
73868,3858366,3010652,847714
74379,8138584,4501727,3636857
2838,1265055,-324029,1589084
13122,4413407,-3354861,7768268
11086,3823533,2063395,1760138
8854,5965375,-983088,6948463
76402,1259757,976175,283582
15605,2521084,-3908007,6429091
74414,5010931,2452234,2558697
6844,5651441,3653656,1997785
70314,2791640,1620950,1170690
6683,7495382,4393928,3101454
72591,6878345,-1562492,8440837
5509,6697451,5484179,1213272
74742,1207117,-8417489,9624606
73176,9804563,-158514,9963077
14809,3870166,2873250,996916
79579,9882982,4713915,5169067
5398,7373090,1065966,6307124
5090,8200685,3243044,4957641
10708,5831369,-2863868,8695237
73323,9920096,9219092,701004
6944,3351249,2883876,467373
3498,4088710,-5084890,9173600
16501,7053962,1506750,5547212
15455,2294388,-345224,2639612
75733,2926577,2601948,324629
8976,7532239,5719531,1812708
13150,5778977,4013577,1765400
74847,2503011,-954348,3457359
5691,7129403,-2346920,9476323
73908,2049783,1896936,152847
5505,7038399,6897758,140641
70053,9153444,5615596,3537848
10095,6991385,-2206241,9197626
6920,5718863,-916993,6635856
79578,8504502,4619216,3885286
73720,3957901,-3811281,7769182
8783,5283334,1556750,3726584
74922,6485433,-2898247,9383680
5529,8182519,7215910,966609
9814,8812535,3266299,5546236
76195,2494179,-7228581,9722760
8745,5272330,-3928521,9200851
74964,9925305,4812575,5112730
74914,7835599,2960859,4874740
5927,6277095,3083370,3193725
75360,4368309,-730204,5098513
72597,1741782,-5772073,7513855
8744,5848389,-2935280,8783669
8104,5700508,-3291051,8991559
79671,8037561,5314898,2722663
79538,6465266,-1700258,8165524
8901,4669395,598505,4070890
79702,1142116,-5692547,6834663
76190,1431442,1302327,129115
6612,3607465,-3697487,7304952
79641,5857999,5428048,429951
74957,1421979,-3842457,5264436
73867,8508510,6872979,1635531
74331,4226264,-654687,4880951
74411,8287860,5523907,2763953
74416,9726620,4761944,4964676
74434,8591227,6408315,2182912
4133,4650241,-309727,4959968
74999,8988931,-447456,9436387
73707,8214538,4733594,3480944
8853,6291564,4193042,2098522
74229,7374571,1874093,5500478
73575,9729719,4601755,5127964
8824,8604063,267520,8336543
76467,7671643,-814912,8486555
9416,8362751,2334648,6028103
14665,2868604,-3775393,6643997
73600,8087312,2168311,5919001
10658,3298021,-2019342,5317363
13732,8319670,8030450,289220
15958,2072285,-6091692,8163977
3044,3973405,-3813514,7786919
8748,2529921,-2733643,5263564
7962,7594083,1527846,6066237
8751,5908461,-2434752,8343213
79674,2275595,-7542494,9818089
79580,8985950,1134864,7851086
11218,3885994,-439698,4325692
79759,9045613,2311675,6733938
79557,6430879,-459443,6890322
74374,1651810,-7377104,9028914
74403,4936878,3805062,1131816
79669,4538854,-4758795,9297649
3923,1641342,-1863950,3505292
74383,2246510,-3765765,6012275
78098,5635254,-3328001,8963255
76501,9251373,3773584,5477789
73860,5371337,3788463,1582874
79633,9327982,3426804,5901178
74402,6860704,-941393,7802097
79552,9045190,8057177,988013
79536,6567358,1822965,4744393
74227,8274539,7496537,778002
9624,2815293,-424694,3239987
70023,6056858,3780430,2276428
76430,7082117,5659796,1422321
5988,4260414,-3963106,8223520
79522,6374014,6244152,129862
3755,9909279,3076230,6833049
75492,9719106,3879107,5839999
75544,2345991,1053664,1292327
75225,3875656,2473329,1402327
74292,2895647,1522551,1373096
76879,1454242,-1346487,2800729
74975,2198911,-7057564,9256475
8128,1416504,-8536421,9952925
5965,5884701,785096,5099605
73435,3597268,2831828,765440
74926,4711486,2235793,2475693
73657,1567395,-7871969,9439364
76926,5814688,-3971504,9786192
75479,8042927,-216898,8259825
6513,3130016,-4386590,7516606
73436,4878368,335038,4543330
10161,8197642,736380,7461262
74763,3854983,2029836,1825147
5111,1233903,936740,297163
73805,2285214,-7176758,9461972
5748,6579320,-221994,6801314
5409,9640330,1775626,7864704
10748,6022107,-2554071,8576178
3424,5117400,-4668125,9785525
5998,7103624,-1059878,8163502
73185,8162574,-33832,8196406
8924,6563083,1461071,5102012
5805,9107225,4601683,4505542
13923,2416163,-4843874,7260037
8794,8609332,-653100,9262432
11062,6503922,-3282769,9786691
76457,7112108,4321157,2790951
13413,5179023,-106762,5285785
5467,7987410,1750099,6237311
79428,7624809,-340351,7965160
5701,7544181,3105619,4438562
11063,2098626,-7417660,9516286
9764,1299786,-3402937,4702723
5588,6128558,3377958,2750600
76521,6761282,2359204,4402078
5590,7369526,3128681,4240845
13657,6428632,-349408,6778040
8990,6029315,4422221,1607094
6417,6592589,2802246,3790343
5866,3005582,2152107,853475
5845,3971568,-3402043,7373611
11190,2118680,-3262432,5381112
6497,4932006,1215071,3716935
5362,3499273,484777,3014496
76737,7802936,-1533558,9336494
14267,8493717,5506361,2987356
5411,7152714,5245608,1907106
13414,7622240,3038145,4584095
5466,4961241,-3348601,8309842
75279,1552681,-4337895,5890576
10119,8401536,8190933,210603
5791,2223728,-1282066,3505794
75502,4592751,2251555,2341196
8652,1151449,1028095,123354
6679,2198714,-5982115,8180829
73883,1204423,-7466288,8670711
73284,9348766,7380085,1968681
5508,1520964,947962,573002
13259,8138265,482828,7655437
73297,3625870,-5698235,9324105
5608,9650456,7369843,2280613
73551,8679631,6434985,2244646
5733,6610723,4279143,2331580
6442,2617148,-4609807,7226955
9401,3156341,-5166303,8322644
11191,7563514,7262402,301112
11806,2302540,-2017721,4320261
73285,6830787,4459609,2371178
75336,8945104,3248295,5696809
73358,5407671,-191646,5599317
79304,4584940,-4594226,9179166
9274,7308389,-1538000,8846389
70350,5362268,-3488455,8850723
2777,6045103,-830654,6875757
9959,5134532,4105489,1029043
2779,4385642,-5613513,9999155
10607,8511886,2979138,5532748
5097,5327511,-3317915,8645426
8717,2114718,-2639391,4754109
10512,7544657,-2059668,9604325
7950,5061451,841255,4220196
73656,1533827,-5914177,7448004
9402,9512618,9003102,509516
72206,6476256,-2552178,9028434
75422,1359159,-3570289,4929448
5973,2796938,-3169803,5966741
6681,4325011,-1727570,6052581
6432,9652947,7555426,2097521
10160,3322551,621048,2701503
11972,3865311,-4996900,8862211
75293,8998328,7766457,1231871
6790,3158802,-5343917,8502719
3876,6262113,335097,5927016
8991,9454717,2996568,6458149
9921,8198795,6384442,1814353
75254,7456925,5683237,1773688
2778,9562455,5823647,3738808
10566,7998944,1602130,6396814
73470,7932988,-1960393,9893381
75622,3869309,3399286,470023
661,7966898,2976355,4990543
75108,7037917,1401327,5636590
75128,9605336,9051132,554204
76959,5107208,-2976660,8083868
75272,6093464,5354168,739296
13812,7170385,1503921,5666464
75521,7344377,-986008,8330385
13899,1217586,-4382401,5599987
9888,8912776,4691712,4221064
5792,7309573,374130,6935443
9307,6795383,4508722,2286661
2934,8342005,7564300,777705
5278,8451843,2643717,5808126
16054,4838735,941347,3897388
75629,7528385,4901131,2627254
72438,3935493,3350255,585238
75233,4140430,-4355227,8495657
75227,1959917,272457,1687460
75231,9792958,5371479,4421479
70041,1771422,-2299492,4070914
72108,3906416,-1270068,5176484
75516,1500391,-1110900,2611291
73339,7132239,6696548,435691
75731,1818228,-8064718,9882946
630,1339974,-4645251,5985225
16859,1878267,-4714412,6592679
9887,6235386,-1074436,7309822
75350,3031151,-3830649,6861800
70048,6464411,-3525326,9989737
72207,8396501,353966,8042535
75696,2728847,388782,2340065
6516,3759305,3289504,469801
9275,2733815,-175536,2909351
72222,6148350,-802002,6950352
73530,7608503,2613047,4995456
75614,9294652,6282918,3011734
75758,9414031,8391120,1022911
70078,8936447,797967,8138480
75211,4105668,-21951,4127619
75554,5552176,1812605,3739571
5215,8326297,-881430,9207727
75372,8252529,5705810,2546719
75226,8121119,2113122,6007997
15450,4346226,257263,4088963
75230,7692807,6599704,1093103
75566,8229385,2043738,6185647
75333,4283581,-134193,4417774
74535,8044999,5140206,2904793
75348,1334501,-3807938,5142439
75882,6716348,874234,5842114
75342,6950664,3552422,3398242
6568,5880130,-3198183,9078313
75330,1018760,-7368668,8387428
75332,4414386,-3140591,7554977
75337,4916787,1293072,3623715
5938,6444607,5788957,655650
75344,4828938,4624711,204227
75343,6142357,-1891165,8033522
75766,4435430,4294158,141272
75764,8357991,5925463,2432528
2776,9473437,115108,9358329
73527,3019613,-5968012,8987625
5994,2923724,-2394324,5318048
5633,9801646,2843221,6958425
74607,5529776,-803976,6333752
5433,5112350,158905,4953445
73437,3800984,-4566232,8367216
10042,7828848,4345170,3483678
13659,9829487,934983,8894504
73363,9901528,7037646,2863882
8613,2377972,-6185832,8563804
73655,3877985,-3134639,7012624
5635,3861916,3442080,419836
74618,5746476,-3745442,9491918
8718,8234954,4045585,4189369
73679,6004344,-1618832,7623176
5687,7969439,3456002,4513437
2780,4984024,-2880397,7864421
75598,3500506,-1457552,4958058
70057,1030318,-5961501,6991819
5790,6005426,-1559042,7564468
5561,3734337,-3878949,7613286
74649,3460894,-402793,3863687
74600,7796649,-361345,8157994
76721,7108951,-2149293,9258244
11735,8991181,8629141,362040
13260,7260856,6706133,554723
9497,1692946,-4246436,5939382
5230,3735887,-3596950,7332837
73498,6832531,-185142,7017673
3487,9050630,1458442,7592188
10043,9757597,5919741,3837856
73683,6730359,4348124,2382235
73487,6756129,23222,6732907
5874,7274609,4555613,2718996
79486,3241511,-4818265,8059776
9919,7414909,1045887,6369022
10242,5555428,-821727,6377155
6917,1862242,-6228011,8090253
75338,1580284,-1143054,2723338
75341,3502945,-1949027,5451972
73634,7927601,1718166,6209435
10121,5377498,2660448,2717050
8631,6847427,-602341,7449768
10394,9951431,7832342,2119089
73695,3469626,-1876444,5346070
74639,5857000,-4024668,9881668
75573,5346785,-126242,5473027
73576,5032658,2914587,2118071
74350,9045672,339430,8706242
8946,9828743,2202246,7626497
74513,8796467,880214,7916253
8074,4941184,-4350649,9291833
6597,2920976,-5169965,8090941
74344,5437027,-1866166,7303193
75864,4028214,-3199505,7227719
5827,3619497,-6179914,9799411
11274,1526968,-3192752,4719720
13204,3689988,1939831,1750157
9481,2844588,-111388,2955976
5228,7006497,-1627433,8633930
79651,7197301,4683357,2513944
3477,9473049,638990,8834059
16996,8040970,7335550,705420
75533,2059211,-3738651,5797862
5355,4401423,492133,3909290
9886,6939244,1714668,5224576
6680,1250983,-1111945,2362928
79743,7881096,329144,7551952
11193,8133416,3503587,4629829
8768,6470495,224277,6246218
6527,4653446,2807411,1846035
9367,7846994,31313,7815681
6665,7091911,-1548925,8640836
8129,9319062,5517006,3802056
5537,4126064,2096371,2029693
75242,9889147,6659093,3230054
75243,7568455,4212106,3356349
13629,3627139,-5289825,8916964
6991,8174089,4305525,3868564
6786,5257035,2815697,2441338
74189,7181758,2656077,4525681
9765,2366655,357778,2008877
5811,7936074,3979587,3956487
9920,6325679,3844552,2481127
74231,9745704,3405158,6340546
8766,1537388,-3113482,4650870
9482,7949623,6890201,1059422
75466,1285666,-3106294,4391960
9843,5739186,-1433982,7173168
75282,7336995,-1347127,8684122
10164,7334421,6924846,409575
75467,2180220,-2698084,4878304
75499,6682058,1774325,4907733
5478,7917412,7083524,833888
10913,4913685,3356363,1557322
75361,8975111,4018294,4956817
10207,4012727,-2546483,6559210
76982,8344930,-571723,8916653
6732,6439683,6021720,417963
5477,3085096,-2839313,5924409
6701,4601083,2296269,2304814
74375,9578807,6742630,2836177
10839,8740641,6566967,2173674
9767,3163695,1783455,1380240
13768,4555675,-4495160,9050835
79728,1508856,-3595720,5104576
14530,4651754,4157598,494156
79535,8755955,2683006,6072949
5699,7295436,1280256,6015180
75677,8063077,1246946,6816131
11364,3391482,-5331037,8722519
8819,8265268,-1321546,9586814
5788,1376221,-903796,2280017
8636,3330286,1868569,1461717
8780,4901262,208760,4692502
6510,4362445,3392220,970225
5995,4616586,-1958042,6574628
5719,6965151,5720481,1244670
16783,1709264,-4337457,6046721
6608,2237768,-5858047,8095815
13397,4746688,-4217551,8964239
6580,2358624,-2230751,4589375
10939,3477667,-6424665,9902332
10307,8378494,870618,7507876
6787,5090752,147467,4943285
75135,5159806,3634725,1525081
72247,5729237,4672798,1056439
3973,3283362,-6617273,9900635
17331,2849008,2156678,692330
13222,1514755,-8235830,9750585
5834,1973105,-6347296,8320401
6767,8445745,3545584,4900161
6859,3247523,-3582091,6829614
15491,4921382,2131092,2790290
6557,3092727,-2762639,5855366
11233,3252737,-5140820,8393557
6577,9840505,-141283,9981788
9234,2979885,1323299,1656586
9973,1676069,1383481,292588
5291,4033110,-1763606,5796716
5284,8224898,-428531,8653429
5289,5902369,3779040,2123329
10586,5592307,4860758,731549
5256,5135978,-3896689,9032667
3425,4796638,1776529,3020109
76944,4379937,3009652,1370285
9227,5919339,-3451738,9371077
9225,7922534,305814,7616720
9328,6256213,3755741,2500472
9230,5955615,3372754,2582861
9230,3352382,-4190310,7542692
15062,9924354,6097044,3827310
74581,2097972,-2981639,5079611
6688,9493461,1837300,7656161
6593,8810031,4951237,3858794
6897,5157821,4624894,532927
5644,7058779,-2572679,9631458
2820,7864651,7349595,515056
13045,5726268,-1860802,7587070
9505,5907453,-1015297,6922750
76829,2373971,2164229,209742
9582,2152514,-6948844,9101358
5911,8991454,1632537,7358917
9411,9337879,4433578,4904301
5491,6467043,-579410,7046453
74543,9616456,7011057,2605399
5688,2134894,-7056838,9191732
76505,5950174,-2425008,8375182
8779,4007337,-1030206,5037543
5756,3019882,-6157831,9177713
9506,8555749,1836052,6719697
5348,9059514,8853754,205760
6672,1845691,-3233122,5078813
5813,2674189,-612038,3286227
5698,3893456,1507830,2385626
5645,4023478,1177396,2846082
5842,9756564,5577874,4178690
14154,5602243,2037101,3565142
10659,2324401,-7363218,9687619
76949,8055540,179851,7875689
14412,2789548,-5207318,7996866
75628,6416039,110512,6305527
5488,1091753,-4710552,5802305
76983,3820970,3629029,191941
5785,5828515,3686265,2142250
507,9767716,1338452,8429264
9998,8783592,3184387,5599205
11459,4148232,-5283846,9432078
73688,5257284,591053,4666231
75810,5280723,3841638,1439085
14627,8365770,4848612,3517158
5878,6794957,3964572,2830385
75497,8168540,2677337,5491203
5095,5911791,-3058297,8970088
74574,5916975,-998699,6915674
5651,3622143,-1394839,5016982
5244,2309321,1909133,400188
14211,8453403,4721231,3732172
74868,6945074,-2270842,9215916
6545,6343359,4018259,2325100
74574,8705129,897639,7807490
76328,8311153,1617816,6693337
10626,2689332,-2359857,5049189
12900,1415394,-6350536,7765930
9788,8668414,4800170,3868244
5840,6188415,2061263,4127152
6750,7059324,6458619,600705
6687,9672930,3737770,5935160
15644,5184607,1423510,3761097
15586,6210391,-842595,7052986
5577,1641725,1526559,115166
74664,2076299,-2553117,4629416
6502,9793651,9257838,535813
74586,4690008,3899262,790746
74586,5651306,5296316,354990
74664,4615305,-2716522,7331827
72330,9870740,4641033,5229707
76468,1092042,-5536623,6628665
72307,8016936,5797245,2219691
75693,1726470,-3208039,4934509
5373,2599260,-5062752,7662012
16928,3607943,-2266581,5874524
72309,6420112,2169924,4250188
5683,7847875,1378311,6469564
5250,4775393,-3194717,7970110
5928,7953114,-714067,8667181
72305,1635968,-7857344,9493312
72329,5428136,4115000,1313136
9380,6177655,5915587,262068
5859,4099186,1125353,2973833
5771,3146910,-609239,3756149
5630,5358362,2569921,2788441
5502,1964807,-2021127,3985934
5349,4587737,1378115,3209622
5794,2104787,-5168868,7273655
8608,2432220,910822,1521398
6794,8111806,621051,7490755
75476,1657865,-4669215,6327080
72328,1156695,440681,716014
11954,2373477,-7453683,9827160
6705,7373968,3595172,3778796
72473,6542342,-835126,7377468
5379,2220831,1031755,1189076
15626,7084919,3735340,3349579
5277,5454609,-105933,5560542
76433,2848214,-5269955,8118169
5504,1741671,-3919930,5661601
5877,5366132,-4165764,9531896
5461,1616200,-2312788,3928988
5626,7316268,4307786,3008482
6451,2569328,717403,1851925
5758,1186800,-3246810,4433610
11220,5075736,2439399,2636337
6729,4996853,442111,4554742
624,1752412,-53902,1806314
74620,8130094,968124,7161970
8799,1595477,-2586181,4181658
10940,6783174,-2206143,8989317
14966,2764515,-7167072,9931587
671,3315725,-2707064,6022789
5774,4284018,2264585,2019433
6856,1815965,1038975,776990
5290,7480451,-1325816,8806267
7956,3358052,-6511126,9869178
5546,8229449,4824026,3405423
5402,5176535,-4108206,9284741
5775,7422036,4603956,2818080
76330,2503077,1982384,520693
6467,2496068,-3683127,6179195
15177,2911293,-5024374,7935667
5720,9237371,5606728,3630643
75244,4965742,-1658094,6623836
6512,8968303,2223426,6744877
76365,9803638,7904937,1898701
5444,6067972,-2148887,8216859
5650,4839695,2002007,2837688
5620,1242484,-8525952,9768436
9546,4177100,1575691,2601409
5702,3404220,-100275,3504495
5871,4988101,-3312689,8300790
13286,6146847,-587579,6734426
6980,2348587,-6863987,9212574
9385,3210506,1111480,2099026
5793,2734586,-4085439,6820025
6951,4488633,1200165,3288468
5257,5185569,-4374900,9560469
79602,7101747,233914,6867833
5380,2083263,-4920080,7003343
74737,4487431,-1450935,5938366
14629,3711431,-3242083,6953514
633,7020322,-437319,7457641
9545,5874593,5559051,315542
5232,1959122,-2030614,3989736
79706,5650354,-3646605,9296959
73661,5050282,-4004833,9055115
6903,2595278,919021,1676257
3575,7183585,2860726,4322859
6571,8555375,5773331,2782044
6651,1356799,-7357256,8714055
5350,3848864,-2856696,6705560
74761,3556876,-668882,4225758
542,2441986,-5883247,8325233
73221,4462518,-2305068,6767586
505,1058466,405965,652501
75867,1281427,-8683414,9964841
74686,8823683,8289469,534214
5201,2796762,-7150632,9947394
9228,3443072,-5404613,8847685
74685,1131959,-2169093,3301052
5714,3975884,-1382911,5358795
616,3186640,2230788,955852
10819,5056123,108768,4947355
75955,1499311,-2793331,4292642
11894,3975393,-486926,4462319
9452,4839713,89913,4749800
6656,1227438,397575,829863
9233,3145757,-211875,3357632
5401,2246399,-5615039,7861438
5513,8660782,6541283,2119499
9232,3392982,-635839,4028821
546,9541063,7859949,1681114
73501,3584116,-3898791,7482907
5713,5531099,3656906,1874193
76769,2416356,-1424365,3840721
5394,2506240,-2439466,4945706
6460,5007110,3804607,1202503
73524,4115268,-498214,4613482
5960,9763583,8861054,902529
76636,5700310,-1967063,7667373
9351,5764778,-1955569,7720347
5821,6702429,-2452076,9154505
9419,1104047,-3796049,4900096
5565,2515535,-1166991,3682526
656,4727962,-3926994,8654956
5648,7741175,6592968,1148207
8617,1259999,-3436704,4696703
2989,1068889,-8802377,9871266
6613,3138136,-2826624,5964760
3941,5767074,5380108,386966
75980,9513880,8551755,962125
76784,4380061,-5373988,9754049
5617,5014979,-3455610,8470589
5567,7657405,4509162,3148243
5337,8998371,8652909,345462
5503,7186227,-805139,7991366
6802,2372955,-6905165,9278120
520,4851299,-169036,5020335
5721,1046133,-7836294,8882427
5955,3784064,-5444717,9228781
6518,8840644,5483571,3357073
6979,2784189,-5540714,8324903
10140,7347171,4586190,2760981
5507,9086343,3727668,5358675
74923,2591027,539075,2051952
11991,3686736,224679,3462057
5493,9417948,1057007,8360941
5976,5565869,2806976,2758893
5738,4426287,3520565,905722
74575,1174505,-1506486,2680991
6713,9817481,2796359,7021122
14449,9174620,7076085,2098535
5275,4489710,-1153810,5643520
8657,4118624,-5282577,9401201
74571,3520251,80469,3439782
74511,2150648,-4556659,6707307
5787,9857921,1192428,8665493
74571,3081546,-4512799,7594345
74762,5871708,5351979,519729
524,4832495,-3100924,7933419
5383,8759969,-450544,9210513
536,2149662,-768203,2917865
5814,1980135,730752,1249383
75557,5751288,2626640,3124648
78086,3191663,-124137,3315800
8708,5461820,-798170,6259990
578,3021455,2704555,316900
5494,6365295,4450393,1914902
5551,1949395,-6743397,8692792
5246,7100051,-1074764,8174815
5667,7469848,3012145,4457703
75385,8510763,2646176,5864587
535,4160539,-1447935,5608474
582,9952662,3833020,6119642
14152,1303312,-2074653,3377965
5213,3005590,1687847,1317743
610,5147334,-3998295,9145629
583,9842899,3205290,6637609
73415,6855891,-748489,7604380
6849,1011966,-3972718,4984684
75545,5416461,220294,5196167
75753,1559380,-8043232,9602612
5677,4925285,-2969414,7894699
5808,2175931,-3722953,5898884
5881,9792708,7515579,2277129
5734,9839487,3210357,6629130
75383,5216132,932123,4284009
6746,1366875,-7744552,9111427
5334,5231486,-2924633,8156119
5826,1155011,252168,902843
74605,6788626,-2155997,8944623
506,7933168,-1387062,9320230
5211,2772689,481246,2291443
5514,1532079,-2744076,4276155
74660,3714085,1185764,2528321
569,2299846,-3024837,5324683
7975,6700565,6234707,465858
76198,3932200,2682858,1249342
508,4352603,-478049,4830652
73511,8295434,-537607,8833041
5578,4441661,3748006,693655
74836,3232427,-2036601,5269028
73687,3817031,-267540,4084571
5843,5775838,732057,5043781
6655,1864709,1552638,312071
79666,8183680,1579261,6604419
5221,7677394,-1506943,9184337
5795,8511994,7454676,1057318
12956,4893625,-4776408,9670033
75948,3397701,-6440921,9838622
73567,7557350,3800509,3756841
9382,5545070,-1059109,6604179
76985,1903865,-5005334,6909199
6865,3758706,2939458,819248
9327,7092270,1125575,5966695
6431,6556646,4712703,1843943
10138,6134792,-427282,6562074
5716,1272861,659384,613477
518,9889176,-92047,9981223
74241,1476709,-698319,2175028
75370,4558060,-1680533,6238593
75377,8852214,8044066,808148
5819,2605145,-6776167,9381312
5680,8641489,1125393,7516096
79747,2639342,705303,1934039
73570,9914552,234754,9679798
647,8550918,3834101,4716817
74781,7118518,4031301,3087217
74799,7934851,-721548,8656399
659,4630828,3084956,1545872
6861,6772428,1099256,5673172
654,9401246,5921462,3479784
574,7439669,-1371031,8810700
79544,1528159,512811,1015348
5296,6831532,4800492,2031040
529,4575489,563505,4011984
5654,9339238,820534,8518704
73424,1968800,-3675602,5644402
6814,9382033,8933264,448769
5708,9745195,5431787,4313408
74702,7524463,-220325,7744788
573,6436372,-2324023,8760395
9596,9685729,3604712,6081017
5642,4393796,572229,3821567
607,9606039,5074545,4531494
6610,2417556,1941116,476440
9746,7485058,1157105,6327953
5447,1999335,-5479541,7478876
15581,3111002,-5903304,9014306
10802,5077523,1416588,3660935
10801,7386484,6879285,507199
5777,7175155,1417466,5757689
76211,7226998,3040051,4186947
5549,6984587,832492,6152095
5996,9242843,4491441,4751402
5839,5302050,1292444,4009606
548,9746475,7018595,2727880
5552,4003776,1915806,2087970
5705,1714986,-5145128,6860114
13365,2060781,112460,1948321
6630,8290792,3709318,4581474
5815,8533353,-860426,9393779
5860,2162947,-448389,2611336
5301,1981890,-6110314,8092204
649,3757020,1758924,1998096
74599,6991494,665458,6326036
15580,3029917,2124156,905761
11445,7346960,4561337,2785623
73645,2988961,-2263346,5252307
6594,2528856,-1687259,4216115
643,5597753,-2800893,8398646
6838,3519577,2324808,1194769
9683,6349863,5874594,475269
74887,8107462,979288,7128174
6961,9172414,8520300,652114
6915,4060907,-3545720,7606627
9074,8107780,5035281,3072499
609,8900112,2726583,6173529
15554,1965301,-964469,2929770
5735,4062459,-1418472,5480931
74647,7692087,7068319,623768
5674,4433174,1791095,2642079
544,3774263,-4019781,7794044
75102,9804706,2711146,7093560
14995,6931436,-884009,7815445
5657,1208590,-6417895,7626485
8637,5852249,-741132,6593381
74522,1064043,-7174293,8238336
577,5111721,-3416301,8528022
79627,1205482,-4431292,5636774
74625,4870660,-2521046,7391706
9456,9399457,4938073,4461384
537,4766336,-543812,5310148
11868,7161441,2853548,4307893
79519,5659178,3799496,1859682
5694,3827811,-5065792,8893603
74609,4187155,-5153492,9340647
6926,2168585,15492,2153093
5521,8788497,-152300,8940797
579,2535933,-6369326,8905259
5255,4996984,1601467,3395517
73582,7006702,6104625,902077
79741,8777274,6852683,1924591
13748,7854234,2766297,5087937
5961,6317102,2770778,3546324
10810,1367291,-115172,1482463
5872,1472283,833664,638619
9289,6215912,367971,5847941
16779,7214023,2569644,4644379
10131,9584516,8625742,958774
662,9961862,735617,9226245
10099,9702158,340095,9362063
6828,7907556,3066442,4841114
10432,3395599,-323013,3718612
74691,9034244,1237443,7796801
5817,1098594,-1885491,2984085
9630,6921027,-719286,7640313
76797,2639725,1711337,928388
6800,8337458,1247062,7090396
6576,6744787,1126434,5618353
5520,7211793,6308533,903260
6990,7091024,-628200,7719224
76432,5576478,-2065768,7642246
5210,4635219,-2743292,7378511
73503,7898551,3998876,3899675
6988,6744706,2942344,3802362
5309,5135784,2859211,2276573
74724,2813772,-1483150,4296922
10342,5904723,-649477,6554200
5807,3263051,-1726453,4989504
73293,4020215,-2702559,6722774
73293,1144038,-6554581,7698619
10136,1203582,-614221,1817803
11230,8632599,-447457,9080056
575,6678799,1103906,5574893
5304,6895618,-1999025,8894643
73536,1823659,-4358426,6182085
6549,1707595,-2488707,4196302
6877,6240292,-2214480,8454772
11087,9094853,5850284,3244569
9591,1402578,-5930219,7332797
5614,2255874,-468663,2724537
5947,6699141,2262189,4436952
15831,5610113,-296360,5906473
8749,7426521,4107137,3319384
5266,4356006,-743451,5099457
73672,7780659,-287494,8068153
5497,2353808,-4381497,6735305
5239,1611512,-4644048,6255560
6911,4628881,-4080492,8709373
76398,5845201,-3365398,9210599
74921,1443230,-231057,1674287
74766,4348780,3632372,716408
9326,5083484,1550265,3533219
8658,9322013,2397349,6924664
5880,9788789,3802712,5986077
5631,1312545,-1898922,3211467
74659,8798849,1279072,7519777
5593,8019527,6687572,1331955
5473,1175794,-6696581,7872375
74515,4400984,-3110454,7511438
5288,7043746,-671440,7715186
5298,1808768,-6254121,8062889
6744,6600638,5603823,996815
76929,1760475,189416,1571059
3419,8310877,374752,7936125
76189,2670677,-4795207,7465884
76893,4890601,1074817,3815784
10226,4372256,-758408,5130664
9819,9161377,8487223,674154
10540,4296767,-889035,5185802
6671,8889411,7180772,1708639
73199,2401609,-6927895,9329504
11779,4915298,1980847,2934451
5487,5687748,-3623815,9311563
6745,2981272,-3507238,6488510
5959,7097142,-1986175,9083317
76329,9358523,8376117,982406
11603,1161955,-3976652,5138607
585,6548557,5799019,749538
9384,2385370,1813397,571973
6782,9788355,1730508,8057847
76446,4472622,3913308,559314
75653,6632267,2164171,4468096
10895,6080560,5468179,612381
5485,3164665,-2460324,5624989
76708,5295691,3505174,1790517
639,8431661,5236781,3194880
74740,7957692,354342,7603350
6473,3424742,359050,3065692
5636,4072158,-3024687,7096845
5833,3904663,-5770900,9675563
6459,2198487,-6804993,9003480
5759,5862577,1027244,4835333
5207,5807549,2735114,3072435
5627,9022694,-814223,9836917
561,2204090,-766599,2970689
79745,1435550,-1254947,2690497
5208,5946428,-536806,6483234
74573,5560891,-1775791,7336682
74573,6257013,3226921,3030092
563,8539804,6561131,1978673
5643,2724821,-5285209,8010030
16710,7099951,-2723098,9823049
74776,3628801,1106730,2522071
14014,8558247,2868676,5689571
76487,6647290,1616607,5030683
5915,7063784,953073,6110711
74621,1447163,-7865895,9313058
5341,3066901,-2771075,5837976
11895,2610006,-6852615,9462621
5858,4928345,2665744,2262601
73529,6016294,-2325444,8341738
5318,5866001,-1900180,7766181
5861,6705830,-956798,7662628
9824,2233723,-3330875,5564598
8179,8882329,5097362,3784967
5583,6089236,-2116313,8205549
74510,2413121,-2302626,4715747
635,5653471,888053,4765418
74872,9087145,927327,8159818
6704,3650424,-2345957,5996381
76918,1710689,-3762566,5473255
5841,6903475,6322214,581261
5682,3125627,-5814221,8939848
572,1386809,-3563897,4950706
5823,8166805,2365888,5800917
5089,5842895,5140638,702257
70016,5579219,-598858,6178077
10773,5048663,848172,4200491
5248,4268397,-429342,4697739
70070,9478136,4512334,4965802
5525,4879230,-4702586,9581816
5582,6206745,-3068801,9275546
10486,1540100,-4284838,5824938
73502,5765284,2901027,2864257
73542,9404822,5969025,3435797
11162,2744351,-349650,3094001
541,1447706,-8136492,9584198
17647,8646433,823226,7823207
6669,5598172,-1641278,7239450
76509,1842107,-5737685,7579792
2928,1336394,-4579603,5915997
11031,4966676,3949080,1017596
72474,3933318,-5859300,9792618
75597,4757361,-3018178,7775539
79683,5477009,3343924,2133085
5562,9937128,9405620,531508
73173,2614982,2067196,547786
559,8080629,-500464,8581093
5445,8699011,4455333,4243678
5628,1707740,-7026960,8734700
5219,5626321,2379085,3247236
74123,8561463,1044892,7516571
5492,6483280,6184815,298465
8746,5126990,-4271422,9398412
74939,7155416,3333651,3821765
8785,9416856,372379,9044477
9790,8746344,33087,8713257
9744,6175953,5855825,320128
73207,4662808,2978181,1684627
73548,2619797,303943,2315854
2887,5435259,-1982694,7417953
74218,5096898,1550372,3546526
76897,2558157,-2126257,4684414
5909,1234745,-8289812,9524557
6609,3938003,2663879,1274124
5830,7106335,6449130,657205
5554,9094806,3026312,6068494
74521,7752728,989974,6762754
9075,6821268,-793809,7615077
74669,5036400,-3198051,8234451
8945,9746094,4605431,5140663
5452,5765224,3492216,2273008
74788,3975145,2327848,1647297
10109,9378214,7942373,1435841
9592,5424236,1442684,3981552
74821,1410268,-7952595,9362863
74739,4547958,4100165,447793
6670,5758860,4102257,1656603
76356,1904201,-328183,2232384
621,6264405,-3241285,9505690
5789,9905299,5519201,4386098
10182,8033706,6137904,1895802
74506,5614885,-1297915,6912800
5308,8401380,5548487,2852893
6892,7364891,433780,6931111
9388,1935983,-7840907,9776890
74608,3380492,-25347,3405839
8618,9582688,9378920,203768
6771,4813278,-3537965,8351243
5943,1327697,-496807,1824504
15778,4466625,-3134738,7601363
73375,9866874,3435985,6430889
655,5278778,-4378937,9657715
74886,8716053,1865112,6850941
79558,9321048,1816265,7504783
5227,3971939,108427,3863512
75982,8863547,2875854,5987693
6693,4174739,1375752,2798987
74391,2578290,1504401,1073889
76687,9392880,8868785,524095
6595,2118643,-844674,2963317
9342,5314020,3975979,1338041
562,2656820,-5278548,7935368
5538,1738286,-4307654,6045940
6584,2238276,-6733422,8971698
6810,4650010,4466360,183650
9871,6094431,-1745186,7839617
6902,8495842,1973799,6522043
76363,4565291,947174,3618117
74550,7892433,62904,7829529
10855,1729820,-7234362,8964182
76891,1370062,-8024550,9394612
9685,1730917,-5757868,7488785
8747,9193101,8778088,415013
11224,4007828,2348553,1659275
6803,8433907,6368760,2065147
6447,8109750,5689310,2420440
5681,8274009,6655543,1618466
75469,2685899,-2478352,5164251
74736,5906305,-2948738,8855043
73523,7003698,5851608,1152090
5424,9815645,9293364,522281
74624,1178126,-2841704,4019830
6461,5204622,-1810772,7015394
5317,6235042,-2786509,9021551
76658,2840789,355957,2484832
6488,1366817,-492346,1859163
73584,1966429,-3379460,5345889
9548,9811129,5401750,4409379
13226,2936545,2555428,381117
9253,7833537,2782643,5050894
6561,1545278,-4021779,5567057
10112,4413389,-3887899,8301288
10884,4550340,-3808562,8358902
5564,9240265,5375720,3864545
75548,5747797,1098996,4648801
75530,9086137,5703898,3382239
74566,3592158,-3272705,6864863
10713,6318100,3078200,3239900
5779,6770905,3047418,3723487
5450,4723627,3863795,859832
6870,4866283,-5130648,9996931
9550,5328783,-3209832,8538615
5704,4288904,1269086,3019818
79737,8063025,3444469,4618556
663,3583707,-2867881,6451588
10628,2848787,-2084824,4933611
73361,9522612,3545468,5977144
5540,1499995,-3994492,5494487
7972,7718425,4841633,2876792
74622,8301302,716118,7585184
76577,7029035,5456704,1572331
11228,3465274,-3422140,6887414
9633,2126909,-4532441,6659350
6526,1792199,-7658746,9450945
6754,8819606,5194589,3625017
73398,7352585,4815669,2536916
14020,5578203,-2274706,7852909
5511,7436438,4940298,2496140
5724,7315305,-2200072,9515377
76266,3428940,1925549,1503391
15729,3433443,3076988,356455
73372,9205996,4083006,5122990
74800,5146067,-4188029,9334096
10817,3079649,-5653219,8732868
5894,2916610,-4406894,7323504
9255,8171411,2360420,5810991
8941,1252279,-4652931,5905210
73565,6942504,1770133,5172371
10129,7866734,-583919,8450653
6843,6299643,2246954,4052689
5506,6590865,6287658,303207
76346,3092209,-354804,3447013
6712,7621354,2259567,5361787
74549,7665471,5022692,2642779
5969,8802572,8054935,747637
10005,8013678,892153,7121525
552,6834466,4553579,2280887
5769,9320847,2899782,6421065
15843,8362312,6249300,2113012
2884,6004014,1523862,4480152
8705,7468618,6982639,485979
76447,8250383,2916018,5334365
74824,3648165,2994726,653439
15820,2138741,-7491233,9629974
5984,6235733,1865981,4369752
5302,1141562,-878899,2020461
6751,4157951,-2792001,6949952
16012,6232962,-1113845,7346807
14005,8281261,3173399,5107862
74595,9523529,5158038,4365491
8822,7011647,1587378,5424269
6604,6530869,-481784,7012653
6466,6249008,3740114,2508894
75367,2065763,-7036453,9102216
5539,8392356,766056,7626300
6475,5731884,1204375,4527509
9256,5663326,-231586,5894912
5783,1093275,-920488,2013763
5951,8028473,-874469,8902942
11093,5802769,3121745,2681024
16395,3204642,-354190,3558832
16398,9399234,9266409,132825
16396,8889923,-390089,9280012
76729,2084629,-586087,2670716
5216,5583336,-2327588,7910924
75578,4404070,3151798,1252272
11028,5599837,3505777,2094060
5343,1283476,1003022,280454
14009,8390274,2089145,6301129
5661,3717132,-1636576,5353708
14018,7277641,5610199,1667442
14003,6997802,2580858,4416944
73668,5660556,-1644301,7304857
522,1661811,1023561,638250
3454,2329210,-6615200,8944410
515,6212940,1272090,4940850
14967,5087937,-2110836,7198773
586,6743380,5486242,1257138
5741,3157205,-4841450,7998655
5776,6896726,-2752173,9648899
79667,7003649,-115678,7119327
75398,8109341,5496396,2612945
6448,2117357,-1698089,3815446
6747,8127365,1191256,6936109
622,4772535,-4051076,8823611
75797,5365874,-1419761,6785635
5416,9927474,9329751,597723
5563,6455561,2407647,4047914
6863,2079742,-5597912,7677654
5563,1468902,-1750175,3219077
74648,7564988,-636056,8201044
657,4406873,-140703,4547576
11456,1365381,-1994001,3359382
510,7030725,-1194892,8225617
8641,1030410,-1522999,2553409
11457,9615336,9490805,124531
76587,5472156,-4293266,9765422
11164,4053458,-1571587,5625045
10999,7614790,804221,6810569
5427,9935202,1281800,8653402
5389,6131661,-1390087,7521748
6427,2800394,-1047007,3847401
73506,2964972,-5380888,8345860
8710,7071664,-1420772,8492436
5600,4073765,1621116,2452649
74556,8055362,5874003,2181359
74556,5445345,-2288405,7733750
14156,9383528,4625850,4757678
14049,7265977,3373141,3892836
10424,2525412,-840987,3366399
15818,6688713,-450996,7139709
5236,1309252,-1632802,2942054
5749,4785195,-2884191,7669386
580,6459203,-576656,7035859
6987,2756496,-1898539,4655035
567,1594354,-3839992,5434346
17278,1472736,-1509223,2981959
73564,1289196,126013,1163183
74308,4055876,-574662,4630538
6654,3676123,-2207211,5883334
6763,6885831,-2498432,9384263
14016,8066520,3471736,4594784
76788,8258718,6738477,1520241
76347,7089245,2282836,4806409
79626,3863877,2721388,1142489
5589,9845616,6120943,3724673
14011,9205668,629279,8576389
512,5739425,-3989908,9729333
6812,1076857,-2472402,3549259
5268,2032252,-5176620,7208872
8861,7178043,-2002205,9180248
74546,3458087,-4763945,8222032
73486,6596680,6262092,334588
11831,5233608,1599206,3634402
14012,8931284,3394251,5537033
5629,3859562,-1636159,5495721
74782,1388217,496520,891697
73550,7010988,5684039,1326949
9288,7900597,1727917,6172680
73441,2379835,-7320393,9700228
6603,8042542,563479,7479063
9631,3717351,-4128181,7845532
74661,4341173,-1512527,5853700
76395,4130551,1208696,2921855
6542,1248049,-6608574,7856623
5755,8150369,867255,7283114
74557,8383715,3476180,4907535
5267,2356215,-4659697,7015912
6806,9046626,3079554,5967072
6749,6098315,-3013016,9111331
14023,1958333,-7598387,9556720
5900,3975982,-5608293,9584275
636,7167376,3136769,4030607
73376,2192027,-1612747,3804774
14006,6585042,4149952,2435090
670,6316161,4603325,1712836
16132,7326241,3865318,3460923
73531,1195333,62050,1133283
6495,5563632,-1714887,7278519
73460,8996699,209743,8786956
5430,7430565,-864092,8294657
73581,8340176,3057444,5282732
79760,7132094,6874916,257178
5715,3644630,2920264,724366
9621,5568609,626279,4942330
73223,2995846,1132119,1863727
6978,1655566,-3273716,4929282
16388,2424231,-3860472,6284703
73534,6358485,-2945971,9304456
11596,3720010,-2052540,5772550
76197,9716096,3888093,5828003
13306,4173441,2892769,1280672
74567,6607836,4564761,2043075
73224,2124483,-7608573,9733056
13217,8470961,7180528,1290433
73659,9305612,4816515,4489097
7974,2994816,720859,2273957
9549,1708704,-4793629,6502333
15955,3398635,-4736981,8135616
10224,3390843,-1785435,5176278
76693,3491274,-1228777,4720051
10809,2190181,-3692680,5882861
6599,5483242,-4074829,9558071
5982,4124119,-5270115,9394234
6981,8482291,7584664,897627
10101,8556435,6756493,1799942
5229,1893387,-5542102,7435489
74658,7141079,-2286292,9427371
6564,3122831,-2352612,5475443
669,8013731,1488408,6525323
7967,2235578,1880686,354892
6428,3606664,-5231780,8838444
74589,1444514,-5990083,7434597
76304,6102745,621685,5481060
8858,7009370,-1350745,8360115
13681,9837363,7581378,2255985
74525,5842154,3160491,2681663
73439,5700241,1673985,4026256
11746,3675941,-2388138,6064079
9625,5210072,2197017,3013055
6531,7120495,-766713,7887208
2823,1628946,-2959480,4588426
6711,6301729,2217451,4084278
70331,6530212,5126180,1404032
5498,1951314,-6833763,8785077
10144,4495896,992311,3503585
73603,4916992,815505,4101487
74891,7045644,899753,6145891
6572,9240723,74258,9166465
5942,7633192,3663488,3969704
5305,7301398,2145892,5155506
6760,8262285,2231764,6030521
10852,7747229,5986376,1760853
6825,8166738,2819319,5347419
74377,7827466,2903631,4923835
6826,9396046,7445499,1950547
79507,1405729,-2125270,3530999
10430,2513021,-6272394,8785415
5621,7919775,3957975,3961800
74626,5321352,4873348,448004
543,3291752,-6190202,9481954
9344,1406374,-4506905,5913279
576,3914253,-2406083,6320336
16446,3921572,-3839858,7761430
5782,9378648,8192354,1186294
9634,8906458,4201882,4704576
6674,1779300,-3486745,5266045
564,1371360,-2065843,3437203
74585,6348877,854233,5494644
73671,5676921,-3404556,9081477
9739,6880729,5220298,1660431
8823,3670893,-6224968,9895861
74623,1227301,1003136,224165
6982,8601196,408315,8192881
13220,7644749,1411554,6233195
6984,8890260,5958627,2931633
10111,6067161,1959047,4108114
76818,2169828,-6496970,8666798
5916,6382989,2360337,4022652
3940,1914774,1434280,480494
73545,5276062,-4297004,9573066
6752,5456764,-2363356,7820120
6673,9739971,4358105,5381866
9509,6285319,-2530197,8815516
8942,3958801,-808411,4767212
76744,4636568,3215932,1420636
6940,8550716,30474,8520242
72380,7529036,3679163,3849873
5453,9334520,7990985,1343535
6449,4309484,-245513,4554997
74627,2675325,-5252226,7927551
9627,9305950,6754351,2551599
2846,9965130,4045591,5919539
76303,2373686,-5498860,7872546
11226,1720388,-1278288,2998676
76298,1615173,-7287817,8902990
10132,9683275,7059864,2623411
74670,2603806,1312630,1291176
76397,1352120,952369,399751
8902,6029398,2466009,3563389
10222,1979399,-7909998,9889397
5685,5824606,5109352,715254
2996,8003393,4816629,3186764
9323,8734788,3319002,5415786
11025,9707403,5364911,4342492
6462,7097374,-353044,7450418
75232,1168603,-7375072,8543675
75232,5240139,-2421495,7661634
10889,8253194,3056806,5196388
11236,6505981,-2755717,9261698
74672,3229510,-5417559,8647069
6616,9377384,4455052,4922332
2892,3824252,-3747563,7571815
11465,7894344,5548588,2345756
5369,9025575,1355789,7669786
9864,5084598,3040565,2044033
15587,3773279,-4078104,7851383
6977,9162360,4339756,4822604
10256,6856848,6634145,222703
16007,4900542,2616223,2284319
10666,8800995,-575250,9376245
10433,1042795,-3694297,4737092
5370,8533936,4380606,4153330
10346,7757468,2407542,5349926
9628,3551379,1799310,1752069
11777,7896816,6406471,1490345
11463,7976718,4938488,3038230
13221,4606607,-1803406,6410013
8944,6043945,-2648215,8692160
6768,2911830,-1438302,4350132
10004,4288735,-1694779,5983514
76159,8655574,3070326,5585248
6864,9180306,7398583,1781723
8907,9221060,2683410,6537650
73641,1884384,-7556033,9440417
9346,8656420,3975540,4680880
72770,5668375,-3754822,9423197
76970,4971390,768512,4202878
9454,2064454,242625,1821829
5693,1112314,-3060504,4172818
74981,9730552,1867198,7863354
10344,3277689,2123115,1154574
73620,1864179,-3273246,5137425
8704,9493268,8325814,1167454
76767,6382506,-790121,7172627
73491,5852005,-2773472,8625477
5903,7079041,6640244,438797
9899,2951654,-639150,3590804
11748,4445313,2795626,1649687
11466,3586418,2767406,819012
9974,8429070,-332431,8761501
10429,5859960,2930663,2929297
10665,3731839,555518,3176321
10489,4247391,54928,4192463
74873,8595592,-1028100,9623692
11472,2320850,-4910640,7231490
6438,7962767,1595464,6367303
76333,6643715,561158,6082557
79654,8562582,5369794,3192788
6703,4461984,-5047880,9509864
9873,5255617,2323176,2932441
10672,5496710,-4322341,9819051
15782,5526910,3483912,2042998
78096,1072552,-1791252,2863804
75290,7999660,6147596,1852064
10221,2444143,45611,2398532
16347,6900278,-1695483,8595761
76969,9798484,7697169,2101315
8709,2681588,741095,1940493
11592,8481824,3352455,5129369
14277,2326685,-2414193,4740878
76194,8584540,3887056,4697484
2849,6899033,3425108,3473925
74614,6088434,4758259,1330175
9745,7942472,53172,7889300
2988,9979474,9249972,729502
10186,7762625,-849185,8611810
5331,8872159,5712819,3159340
6529,4862629,329463,4533166
6819,8096620,-1492881,9589501
75542,3115594,1255454,1860140
6840,6013041,-2708666,8721707
10003,9480901,7027130,2453771
76212,3646876,-1767376,5414252
74583,6559008,3211536,3347472
5922,8099549,785099,7314450
5595,2718679,-5687090,8405769
5925,3801394,1761762,2039632
11829,7151322,2935427,4215895
5060,1748703,-5548215,7296918
3049,9607182,5539606,4067576
6809,8832040,6669487,2162553
73640,2827220,-6630568,9457788
5604,2886987,1651987,1235000
5235,5417144,-552649,5969793
9593,8895727,5958066,2937661
6829,8636549,-345630,8982179
5904,3801832,-2684677,6486509
5831,3029515,-6885658,9915173
6675,2706828,215972,2490856
74834,9453052,2799915,6653137
10431,6723645,1239826,5483819
11099,1440358,-1736374,3176732
6554,9028757,2767043,6261714
73558,6639637,5510414,1129223
14488,1410564,-8111419,9521983
76971,2229043,-5500947,7729990
6976,7368370,1295486,6072884
3018,8113564,3552741,4560823
11595,2900642,-2784088,5684730
6446,8947757,7040404,1907353
73526,8008778,-1197039,9205817
6725,1072257,-6418262,7490519
9818,6918612,5548865,1369747
9629,1746878,286865,1460013
9290,2134532,1154388,980144
74665,5388817,3572865,1815952
73577,5121457,-1747987,6869444
5949,4302931,65187,4237744
5695,4316277,2535319,1780958
14486,1622941,-4018246,5641187
10145,8669850,-1107547,9777397
7927,2681711,-2204085,4885796
9902,3639782,1319328,2320454
73560,5566291,503801,5062490
76364,9864476,7640373,2224103
10188,5528898,-2459112,7988010
73691,7424512,4492794,2931718
10893,3931142,-175385,4106527
5983,8062618,1414365,6648253
8908,4731170,767550,3963620
10010,4285485,-2897926,7183411
73500,5767496,-2958855,8726351
5884,9680521,7316122,2364399
8752,9295747,8039220,1256527
10492,2985393,-3931952,6917345
73549,5244631,-4065765,9310396
6555,9202444,5807932,3394512
6555,4196111,1062830,3133281
76775,2111789,-835107,2946896
9387,3457540,30332,3427208
10260,4106447,2097499,2008948
74217,5169959,-3906034,9075993
9863,5202017,-227312,5429329
15511,2650774,-461540,3112314
3417,7690186,-1305773,8995959
5226,4710899,-3574370,8285269
9386,4508236,1889876,2618360
8943,6723068,5220560,1502508
76952,9154078,3555621,5598457
79526,3805697,-2971134,6776831
8906,2708123,-3125646,5833769
6530,6187190,735072,5452118
5438,8478328,135464,8342864
5912,8003606,7243397,760209
14179,1649298,-2411275,4060573
74709,9985338,5152662,4832676
6636,2985480,-3496228,6481708
74619,6443295,-1878168,8321463
14489,1287070,-3280929,4567999
6793,3703161,-4184530,7887691
589,6723047,4780035,1943012
74808,6832509,-1555377,8387886
2999,6377030,1500645,4876385
5222,7253799,-2536620,9790419
5953,5380292,4568273,812019
73676,2392808,202567,2190241
10938,2249466,-27965,2277431
74502,4215941,-1215873,5431814
8905,5821936,4330747,1491189
74869,9186007,4752320,4433687
10806,1623540,-4984282,6607822
6876,5310813,4868130,442683
9791,3208653,-3543015,6751668
6816,7107048,5276134,1830914
74591,4831267,-704762,5536029
8706,3170379,2444146,726233
8750,5198517,-4761242,9959759
5897,1181264,-7137033,8318297
6192,8666785,8123616,543169
5253,7744772,111132,7633640
75166,5439026,-274953,5713979
1354,3727538,-518490,4246028
6839,7894330,995437,6898893
75195,7900183,3498805,4401378
5707,4809065,703180,4105885
79506,4126927,-5777217,9904144
79639,3912018,-3901406,7813424
6444,9906021,8891654,1014367
5997,8022111,-1347673,9369784
5723,8361834,6369831,1992003
74968,8468013,3945054,4522959
10815,5091547,-921116,6012663
73488,3260713,-3037203,6297916
5772,7656174,-2099867,9756041
2821,6760299,-1246861,8007160
5867,2353086,-5378438,7731524
6896,3895526,2710452,1185074
5607,3049730,2808970,240760
5307,4247542,2109448,2138094
74790,6132326,1468091,4664235
10012,7410973,-1049538,8460511
6589,4768067,-378111,5146178
6995,4279552,1732650,2546902
79673,4562375,3914912,647463
74925,6182778,5479707,703071
76931,4316715,-582559,4899274
2922,7990354,5033354,2957000
74503,5669010,2564413,3104597
5457,7309596,3838364,3471232
6783,4270651,124725,4145926
519,8191423,3209267,4982156
75176,7371067,4028377,3342690
13640,9384042,6832581,2551461
5770,3756065,-2934359,6690424
6487,7373376,2268380,5104996
6748,2008768,-4742198,6750966
73153,7692876,4439789,3253087
2987,8362972,1757597,6605375
6455,7355162,1734745,5620417
5753,9533277,3623471,5909806
7925,2715098,1645727,1069371
73341,1241848,-1856779,3098627
6644,1092755,27275,1065480
74653,7511069,3308345,4202724
2927,3081863,694489,2387374
9735,9916729,6393434,3523295
587,7572272,1597225,5975047
6547,5666937,3824611,1842326
637,1780110,-4667380,6447490
5479,9989203,1171514,8817689
10124,8070379,-346209,8416588
3460,7877759,1615292,6262467
75477,7935494,4929664,3005830
70028,7010707,1404849,5605858
14792,9123214,-315780,9438994
556,4404122,2682991,1721131
74606,4999668,4704993,294675
12923,1347417,-7353085,8700502
5885,7371322,284832,7086490
6632,5913972,-816409,6730381
7063,3072946,-665826,3738772
11102,8489641,2246812,6242829
527,6133899,4315112,1818787
16005,3128632,2436149,692483
74582,9047934,8781555,266379
5303,1733963,-309396,2043359
9734,3327716,705127,2622589
5638,4419522,-5361744,9781266
7935,7013508,-79085,7092593
14022,5832589,4115050,1717539
6740,3341000,-882971,4223971
5725,1463772,-7628333,9092105
10937,6419183,-1076717,7495900
76750,7595665,4852800,2742865
5743,9953242,2393756,7559486
584,7654233,5908348,1745885
16655,6654359,5962299,692060
5414,2796516,-559619,3356135
5414,6158942,3077953,3080989
6846,4938003,3401135,1536868
6901,6490564,4666792,1823772
10181,3536418,-3963288,7499706
15944,6815121,-1397932,8213053
530,9163092,6435563,2727529
6741,2379026,-122840,2501866
79518,3447477,2479486,967991
76964,7882803,1303902,6578901
5441,1882940,-4006815,5889755
5899,6322533,-1089573,7412106
6661,2761347,-1185249,3946596
5972,8162069,805498,7356571
5220,5805039,5316716,488323
70061,5038263,-1578522,6616785
5316,4620184,110162,4510022
516,5075242,-1602637,6677879
72178,8926187,1966313,6959874
6943,1651438,-5075979,6727417
73644,9659552,5326669,4332883
8784,1585568,-7683237,9268805
75229,9939285,8047349,1891936
75116,9310142,4801820,4508322
6562,5205381,2929390,2275991
75727,9803757,2228599,7575158
5797,1830911,1071642,759269
75756,8903036,2752055,6150981
6541,7660737,-1541660,9202397
76469,9111841,4431757,4680084
10890,6503289,-326256,6829545
9329,4815608,3662004,1153604
5365,1572022,-2885100,4457122
74636,6080701,-2130648,8211349
75498,5761652,-3709666,9471318
602,8444932,1950579,6494353
72371,3399705,3063625,336080
72372,8061664,-1627286,9688950
72370,7930154,4378468,3551686
74780,9179205,6905000,2274205
72242,2911925,-2416345,5328270
5709,4220894,-1002041,5222935
5495,3143454,-2204550,5348004
75615,7244848,3596431,3648417
78022,2069724,-2685862,4755586
75984,4809842,-4690307,9500149
540,8996591,7468562,1528029
6716,9957344,5827380,4129964
72395,2389112,-6720024,9109136
5209,1563159,-8153191,9716350
9626,9191314,-514192,9705506
5784,1267778,20569,1247209
16008,7261370,6890661,370709
8947,6118033,1973053,4144980
74536,2144699,-3406550,5551249
73443,9352677,-359732,9712409
74994,2757202,-5088900,7846102
6567,8347126,7635958,711168
79690,6123765,-743238,6867003
9868,4395896,130671,4265225
11599,1699532,-2208462,3907994
16154,9724471,8954878,769593
13559,8488377,1853510,6634867
6848,3070585,-6568118,9638703
644,6047039,-3088971,9136010
15961,6251138,5266120,985018
652,2589717,1117451,1472266
73686,6305373,-1731410,8036783
511,2671221,-310826,2982047
74594,7550369,2322310,5228059
10015,6511581,-680979,7192560
10488,4559981,-2915835,7475816
10015,7503046,5733152,1769894
9343,3692740,2127571,1565169
5914,6238421,4600716,1637705
74501,7075820,-847199,7923019
553,8256704,2289203,5967501
6739,7715772,1562523,6153249
5218,9715225,4788999,4926226
6994,9039612,4994933,4044679
5950,4995188,-706651,5701839
74848,4586575,3955350,631225
6521,2891386,-2496226,5387612
2961,3711112,-1884597,5595709
74632,8301135,-355822,8656957
74517,7688459,6628890,1059569
5387,2748010,-5665615,8413625
528,6801713,86442,6715271
73639,4351880,1746876,2605004
526,3549598,2611804,937794
75208,4487523,-3131041,7618564
6860,3874609,-3107507,6982116
5679,4698079,-2472754,7170833
5910,9489091,4346608,5142483
5869,9394577,6817,9387760
74509,1159199,-7504655,8663854
588,1258959,-7472254,8731213
11600,2571730,-6940113,9511843
9192,2645037,-4830839,7475876
74628,6257260,1308147,4949113
5641,5824615,3279194,2545421
4044,1635403,-3158387,4793790
5321,6532328,3774485,2757843
5948,1786435,1143780,642655
6546,7503205,7337650,165555
5391,5746362,5318337,428025
3875,5148422,4238525,909897
5767,7725549,6441043,1284506
74508,9462560,7683678,1778882
11339,7644934,-2057981,9702915
14837,6978330,-738463,7716793
10851,9090487,5647550,3442937
6792,1413235,-8307260,9720495
73528,3568826,-5539939,9108765
10180,7885322,1253111,6632211
6676,6586368,5605310,981058
5838,7690958,1720226,5970732
10008,7599649,-904735,8504384
5454,5734531,1068241,4666290
10314,8141927,5269663,2872264
73636,2007549,-6603104,8610653
5832,5194969,2917443,2277526
74554,5685454,-2972961,8658415
5363,5096509,3305662,1790847
5432,9495829,5082326,4413503
9349,5435113,3052843,2382270
5212,8323213,-1622503,9945716
74634,6646671,5679619,967052
16981,9390040,5383199,4006841
9688,8956491,2285065,6671426
6784,1145006,-4851857,5996863
79655,5967069,5223330,743739
13305,3554687,-5813635,9368322
73477,5802428,2917426,2885002
10709,9453323,7458089,1995234
5524,1964282,1153348,810934
8106,5688781,-208465,5897246
78097,5734642,1176408,4558234
74617,4359483,890381,3469102
9420,2548469,-5768426,8316895
6959,9542368,2422039,7120329
73592,6324593,-2537492,8862085
5314,3335761,-4346565,7682326
74652,4919517,-1025251,5944768
5332,9988655,9536698,451957
5766,6723588,2511271,4212317
6689,5312287,-171743,5484030
74738,7126182,1648523,5477659
6496,4796852,-1991744,6788596
10185,9383385,144790,9238595
73306,6075462,2632925,3442537
5917,9623823,2147318,7476505
73649,8615271,6454908,2160363
6934,4003011,-3550278,7553289
6997,8522357,7698703,823654
8829,1997587,-4987245,6984832
74598,1957971,189036,1768935
13362,6197769,1306203,4891566
6743,2289286,-6924710,9213996
76813,5038576,-2137674,7176250
9489,3408159,-5355870,8764029
11461,1794851,-3584527,5379378
6523,5727879,4049061,1678818
76331,2507114,1149086,1358028
10714,4278036,-3568373,7846409
11243,4041827,-3875573,7917400
10147,1622980,-189566,1812546
6641,4922267,2466844,2455423
9635,1574630,-673954,2248584
10146,5421096,76696,5344400
11103,6016725,3077977,2938748
76260,5416041,-2670517,8086558
5873,2321694,2152084,169610
5117,6832206,1793797,5038409
9457,1295659,869967,425692
6898,7604253,4811555,2792698
5400,5765495,-371513,6137008
75442,9140807,549830,8590977
10106,7481876,544018,6937858
6904,7688912,7328279,360633
76984,2127150,-5576791,7703941
13596,8897683,3197215,5700468
11438,5203999,2919080,2284919
73666,4302268,1554221,2748047
9422,1921533,-6410033,8331566
79665,3718007,1146734,2571273
5522,6768275,3524093,3244182
8620,9307710,2792144,6515566
6436,4310716,-3984600,8295316
15515,3600975,-5440359,9041334
8859,5889485,792023,5097462
6770,4737989,-2590000,7327989
74504,3302871,2241649,1061222
5462,3682826,-2058508,5741334
74954,3120268,-296113,3416381
5484,3744900,2129002,1615898
6918,5214075,2871712,2342363
8711,8055137,-1051988,9107125
9258,2909314,1289031,1620283
73461,4944789,-1299351,6244140
14400,2743889,2587646,156243
10097,4050341,-483667,4534008
9078,1263122,980791,282331
2998,2320972,-6547484,8868456
6695,8512886,-478462,8991348
9389,7233223,4029473,3203750
10098,1619763,604107,1015656
2923,9818532,8032300,1786232
8860,6424471,175601,6248870
10932,4966323,-229004,5195327
10134,3176612,-707094,3883706
75895,9328190,4707641,4620549
6883,3683554,3277175,406379
74610,1422332,-2686213,4108545
6494,6589066,2735488,3853578
5703,8113988,-234667,8348655
2824,5209748,3442274,1767474
9391,5037117,-2776903,7814020
5471,5750165,2016808,3733357
7961,2890529,-6569020,9459549
2943,2970863,341370,2629493
6886,1294233,-1112537,2406770
6811,1869362,-2959807,4829169
2844,9232436,9091261,141175
6602,2098807,-5521974,7620781
5460,9661262,3396135,6265127
7979,9482266,1270251,8212015
70380,6130513,1265985,4864528
10660,8746491,8392910,353581
10135,5546826,-2594607,8141433
8604,5275770,-1082770,6358540
6973,6952031,1514976,5437055
5347,4300873,-1081674,5382547
6975,5190626,2831264,2359362
5472,6241773,1777275,4464498
9823,3804954,-2583667,6388621
74735,4513226,-615393,5128619
2848,8438593,5862454,2576139
5876,8775942,3335220,5440722
9291,9630091,8120499,1509592
9689,4848146,-4955826,9803972
6888,2274545,-5955528,8230073
76334,1862071,-2670792,4532863
9904,9849295,2759318,7089977
10009,5101186,-482019,5583205
5375,4942107,3125078,1817029
10661,3380920,2993487,387433
5652,4631993,658904,3973089
79570,5305386,85714,5219672
8107,1892530,1469672,422858
8108,6974994,5846934,1128060
6974,1074036,-5244766,6318802
10139,9870003,1423897,8446106
8726,3367408,-5435110,8802518
79638,8045015,5659153,2385862
74871,6549212,-2894886,9444098
9510,8891720,7425895,1465825
8909,2369577,-7060562,9430139
73610,6798331,-1489303,8287634
2904,5463354,1203687,4259667
76608,8497975,4718886,3779089
10130,6904661,1508512,5396149
5987,1978706,-7836760,9815466
5987,4349358,-267612,4616970
73118,1935776,-2596344,4532120
11095,8917471,-1005958,9923429
7939,8689326,2232516,6456810
70019,5626433,-2442892,8069325
5251,5641902,-2341618,7983520
73590,2839717,-3759026,6598743
620,4656382,722821,3933561
74516,2193299,-4539361,6732660
6731,8787737,4902745,3884992
5689,5129521,-291767,5421288
6887,6981312,-2111491,9092803
74507,3914430,1876074,2038356
6578,6789029,1646147,5142882
14426,1344126,-7187004,8531130
15779,1378982,-907052,2286034
5933,4253802,-3682087,7935889
6956,1440085,-2490109,3930194
73626,9777485,3598358,6179127
6799,6819438,4974662,1844776
9474,9007006,8727670,279336
74597,8155784,-724378,8880162
7977,4744160,4150771,593389
9514,2801068,-4052295,6853363
10491,5307749,20425,5287324
5745,5758845,-2442350,8201195
11089,8536590,-349308,8885898
76906,1326325,-1636800,2963125
11090,2460939,2157769,303170
11601,9900139,4214617,5685522
6439,5167185,-2192468,7359653
3499,9973918,6242205,3731713
6817,7782210,4987486,2794724
14504,1558225,-4628670,6186895
76915,1552226,-3355106,4907332
3420,4036694,1781487,2255207
8712,2982224,1398819,1583405
8643,4510092,379511,4130581
9867,9606476,7464427,2142049
11242,1715793,-6467539,8183332
6928,4969741,2646686,2323055
5891,9570106,3929596,5640510
79703,2929942,833090,2096852
11470,5331605,-2054812,7386417
9473,3251512,282103,2969409
13935,2878116,-405417,3283533
6969,9914601,5985809,3928792
11832,5538337,-425296,5963633
10775,3499460,-3202605,6702065
5824,9796116,6759399,3036717
3462,8138273,-577859,8716132
76245,6060618,318758,5741860
79537,2433280,-5112878,7546158
5921,8847507,3413839,5433668
6875,9110123,8603396,506727
5313,2213640,-6610738,8824378
10108,3147069,-1756319,4903388
72904,4355772,-5447056,9802828
74910,4284290,-3572741,7857031
8980,4642911,3710146,932765
5985,7577124,3444121,4133003
9741,9393938,131998,9261940
5258,5799998,2607535,3192463
10662,8603773,622345,7981428
76495,4445089,-1846171,6291260
2889,2187436,-1668044,3855480
76162,4736874,-4717591,9454465
6686,5752646,4976182,776464
5501,5437315,3881924,1555391
72771,4017594,-1133713,5151307
9417,3100254,-3153014,6253268
5964,1568299,-3211549,4779848
5364,8799859,5584854,3215005
74496,5069968,3843412,1226556
74168,9042991,3071218,5971773
74476,9084349,7593476,1490873
5932,4446285,4324575,121710
5276,7982971,4427394,3555577
11745,4717088,-2582831,7299919
76789,7830255,6890620,939635
8977,6589011,5398370,1190641
10016,7333272,6438302,894970
74953,1185698,-4535757,5721455
5896,5317751,1017407,4300344
2839,5468240,-3211279,8679519
74460,1504363,734862,769501
8659,1834832,732700,1102132
76161,5193709,-3252781,8446490
79632,2362863,-5641091,8003954
13401,2955443,1855003,1100440
79593,3134347,-1898711,5033058
5655,4718953,4043262,675691
6899,8742465,6633742,2108723
76668,9718637,8356585,1362052
5676,3045327,-2952247,5997574
10997,7498971,5503794,1995177
15641,7469650,1736539,5733111
6629,9498028,2075856,7422172
75300,6183901,4994392,1189509
5597,1593420,-2213782,3807202
16762,8171793,1836257,6335536
6707,4694273,1530600,3163673
76835,8205776,-1365367,9571143
5569,4502799,2554631,1948168
76508,8029877,-177366,8207243
6463,3706470,-3644426,7350896
79653,3401434,-2795708,6197142
9869,2596957,-794335,3391292
5978,2075990,1900319,175671
16079,5093922,-2418124,7512046
601,7995901,-1814017,9809918
74883,9169306,8163275,1006031
79520,9693740,1415299,8278441
8978,3786449,-516253,4302702
9553,5218030,-4286471,9504501
74481,6122598,-2897184,9019782
9412,8338028,373565,7964463
75928,5252566,4926378,326188
667,9328304,3928646,5399658
74951,3978384,3070456,907928
10669,1131025,203328,927697
5241,4305770,-4848264,9154034
3781,2980169,2688411,291758
5905,3817246,-1548723,5365969
74794,8060660,6966832,1093828
9261,2784589,-3841582,6626171
5262,7586631,2730097,4856534
74912,3808059,-2316062,6124121
5846,6133032,2325447,3807585
558,8806011,8307868,498143
6960,1158936,-779248,1938184
6996,5834596,-877923,6712519
76265,3684535,3290431,394104
74337,4922516,-1940289,6862805
5481,1452909,-2922026,4374935
6827,7157506,2378480,4779026
74315,7250833,4565692,2685141
74773,9836145,6284051,3552094
74789,2680364,-3083471,5763835
5323,4761348,-4051683,8813031
10343,9763487,1172591,8590896
15438,4738008,-3722650,8460658
6769,4059695,-2433869,6493564
5854,9961667,3584935,6376732
6696,8786615,7601553,1185062
10542,4875756,3263429,1612327
6788,2710782,-6762454,9473236
5857,1820619,-3929065,5749684
11778,6858621,4070606,2788015
10310,7143772,5101225,2042547
6652,8231027,844069,7386958
6931,7479809,1807506,5672303
76502,6496736,2939735,3557001
5295,6626829,2991625,3635204
13937,2826575,153022,2673553
74803,6520141,2141743,4378398
10313,6489096,-717654,7206750
10894,2880861,-6174222,9055083
76867,1020241,-4881428,5901669
74884,6020832,4514476,1506356
5746,7165171,851109,6314062
534,9990591,6637353,3353238
10253,1315386,-4302417,5617803
5243,8080310,5108108,2972202
638,3182405,-669951,3852356
11440,5740444,2265545,3474899
10001,7896658,3281261,4615397
10113,8352768,1094953,7257815
6702,2676361,-3415814,6092175
8913,9445167,7716866,1728301
15002,1550140,-1358605,2908745
6590,7014442,2322431,4692011
5360,5129320,-4331675,9460995
5240,5896636,2580180,3316456
5417,6753271,5525460,1227811
79742,4828413,1064095,3764318
6553,9291279,8386330,904949
8639,5298352,3018073,2280279
76431,2865005,-58141,2923146
9736,8563917,902237,7661680
10494,6906983,2251139,4655844
5297,8583712,5190548,3393164
5324,6519082,4498746,2020336
6607,4722188,-66131,4788319
14251,1296730,-8268476,9565206
5527,2416699,-2877736,5294435
5913,4871956,3314388,1557568
6536,5281202,3381735,1899467
76549,9187235,4105305,5081930
9820,1131892,-8339227,9471119
79676,4084278,-1231604,5315882
10258,2962352,-481020,3443372
5730,1883316,-1191018,3074334
5848,8951168,3601976,5349192
7981,2300056,-5055221,7355277
2840,5031813,-3896625,8928438
11899,1467790,-6609957,8077747
74299,2146618,1140967,1005651
75981,7355511,1808085,5547426
5359,6229501,-608139,6837640
5619,1854719,-2111603,3966322
5217,3755475,2284139,1471336
15946,8429155,204456,8224699
5920,2913559,-3743871,6657430
76530,9514017,8414807,1099210
5436,8034116,-1725796,9759912
10493,7611071,5917445,1693626
9079,6000313,-3905365,9905678
9119,2825246,352530,2472716
614,8105005,1752773,6352232
5662,6103309,4372471,1730838
5763,9966595,9700839,265756
11900,2611709,-4173981,6785690
6031,4982058,1847066,3134992
5686,3916531,3483272,433259
631,4262193,3722700,539493
5442,1044721,-1304891,2349612
13603,9188165,1367832,7820333
74771,6831830,-736014,7567844
10885,5107620,-516417,5624037
539,7999170,6368785,1630385
74857,6662209,5150636,1511573
3457,7143871,-887286,8031157
5618,3678088,3472030,206058
3458,4446799,-4802435,9249234
27172,4353708,-3377146,7730854
6862,3310071,846214,2463857
74337,2122450,-772867,2895317
5981,1732973,-4420566,6153539
5412,9229446,7899009,1330437
7021,2676464,-6701650,9378114
5962,3713733,-438314,4152047
5989,7645038,1743096,5901942
74856,4847523,-1511526,6359049
8856,3451713,-4253229,7704942
5280,5092797,2360403,2732394
2885,9979686,1238684,8741002
5818,9495973,2059671,7436302
74179,4468840,-2073613,6542453
5847,4504408,1233401,3271007
79582,6926881,3723347,3203534
6476,1492664,342659,1150005
626,7458537,1059947,6398590
5247,4267987,-4952588,9220575
5663,1617961,-2165854,3783815
571,5914892,-3188395,9103287
618,4714396,2897436,1816960
74947,6656492,-2461207,9117699
6758,5863719,2245211,3618508
10663,3954112,1187330,2766782
538,9664494,8565352,1099142
5570,3480014,824889,2655125
74149,7858499,4100488,3758011
72238,8306709,3476029,4830680
9339,7624020,-828549,8452569
5336,7728334,-710180,8438514
608,4461107,-5106013,9567120
6718,8169269,6879851,1289418
10717,2565104,-5264819,7829923
5420,7301121,1976518,5324603
72718,6958751,844669,6114082
5844,7798316,5351087,2447229
14608,2416601,-4086922,6503523
5692,1891825,-2354836,4246661
74167,3587724,-4747298,8335022
74167,6200682,1028354,5172328
76623,7930941,1552756,6378185
5596,6984796,-2915350,9900146
5225,9321941,8105761,1216180
5934,9863209,6279875,3583334
3459,4298601,2171497,2127104
613,2770451,-2116361,4886812
555,9976331,3112044,6864287
74143,7405779,4015208,3390571
5574,4248804,1105144,3143660
3472,2859840,-3291418,6151258
76156,3221762,-5562892,8784654
5602,6955764,-1957484,8913248
6650,5574900,4141540,1433360
16157,5193073,3640563,1552510
523,7227096,-1188523,8415619
6585,6592384,5558049,1034335
6871,6776259,-3113657,9889916
78028,5334127,-1765628,7099755
646,6018615,4234343,1784272
8109,6785771,-2416259,9202030
8910,4206505,3063057,1143448
5798,8909861,7893513,1016348
79715,3333881,1929887,1403994
5639,9164757,7516066,1648691
9865,6365976,-1646377,8012353
2822,6605498,2407220,4198278
557,9875171,7424128,2451043
6631,2773789,-5995006,8768795
565,3794125,3512727,281398
70325,7677493,2253106,5424387
15293,6889591,-1904975,8794566
5977,2883716,-4206329,7090045
5541,2734117,-2822820,5556937
9551,9444984,2218350,7226634
9870,3900022,-5406364,9306386
5729,9605707,6412136,3193571
5555,4641145,-3310325,7951470
76579,6444136,4345173,2098963
8820,3734565,-5131838,8866403
5889,5735167,-3490012,9225179
5312,9020414,2358346,6662068
2886,1912974,-6112819,8025793
74928,2354597,-4481345,6835942
9687,1871945,-7759732,9631677
10312,9989924,1014297,8975627
5632,8759409,525872,8233537
7933,7578283,5642632,1935651
10225,1828877,-6366371,8195248
11167,6658454,-1761466,8419920
5286,3223162,744424,2478738
5653,1440844,-4999750,6440594
74807,5810465,3693592,2116873
6596,3535573,2544758,990815
9512,8558075,1343473,7214602
5952,4516875,-1263041,5779916
10887,7665286,765744,6899542
6624,6655564,2799617,3855947
76690,1240097,-6261806,7501903
5374,1059856,-1569262,2629118
5986,9169613,4691049,4478564
5971,2527070,152552,2374518
14424,7421784,323377,7098407
74941,3093000,47036,3045964
79784,3757409,-2521093,6278502
5483,8037157,6730461,1306696
4147,7217413,-1328074,8545487
70029,2840051,-6167251,9007302
70030,8625036,8236584,388452
70031,7830967,6138362,1692605
5754,8328161,2339283,5988878
5580,4630649,4028591,602058
5545,6971341,2866519,4104822
6645,3074306,-3090320,6164626
9861,2565672,-1046871,3612543
10348,8551614,-1236954,9788568
74927,3429203,-1090310,4519513
5533,7713799,7608033,105766
5887,3412960,-5590397,9003357
6482,8717358,2064678,6652680
3847,1711489,87059,1624430
8911,4564491,386005,4178486
14730,1434405,-3763539,5197944
79509,9791805,1230219,8561586
10105,2769697,-1892658,4662355
13231,6363523,6230319,133204
8142,7320984,6081592,1239392
5731,4341163,-4360998,8702161
74795,7634808,1077694,6557114
7980,6237216,5246041,991175
74958,2051391,-4113460,6164851
5408,4987027,4785270,201757
6855,3326225,739760,2586465
74126,5957183,4477678,1479505
74877,7149425,-2327959,9477384
5335,2239767,120768,2118999
5223,2244216,-2372021,4616237
74151,7439727,-294281,7734008
10668,7023890,1910102,5113788
5273,5245312,-2753676,7998988
74281,3480076,-3392054,6872130
74281,6787803,4429847,2357956
6479,2106130,1826580,279550
9259,8741578,1758375,6983203
6601,9861355,5682659,4178696
6678,1623041,-4476554,6099595
16805,5272858,1873747,3399111
11161,3892698,2461572,1431126
74816,5795042,-1221221,7016263
5851,7243093,5474891,1768202
545,2149134,-4677036,6826170
5669,4038479,1668490,2369989
5751,4468275,-1493259,5961534
5535,9959540,7847220,2112320
14311,8884578,7812308,1072270
5271,8884328,7431548,1452780
6605,8262166,3114162,5148004
6867,5276127,-1120059,6396186
79524,9778953,1084931,8694022
74242,6296920,4048924,2247996
11239,6740936,6249160,491776
9212,8163054,2430222,5732832
10541,4223611,645231,3578380
6551,6910834,682398,6228436
74482,6152697,1527893,4624804
11453,5923668,4681970,1241698
6677,1486483,-3110099,4596582
5396,1852911,-8002556,9855467
5516,5357463,3819287,1538176
5585,5738012,-2631105,8369117
6937,8608054,7427555,1180499
5237,3995463,-393857,4389320
9215,6627156,1159213,5467943
75804,6007859,51288,5956571
611,5051288,474329,4576959
10891,7815130,5942106,1873024
75726,9740409,4538256,5202153
2994,8752664,76049,8676615
629,4819092,-364560,5183652
5464,2167300,-4469499,6636799
603,9715511,5403645,4311866
79532,5281769,3155974,2125795
10347,4436446,863893,3572553
74288,8550585,-1440862,9991447
5649,4834403,3163628,1670775
5852,2861276,-6720317,9581593
5992,5405066,-2900647,8305713
5836,2468783,-4979396,7448179
70033,8675983,4290480,4385503
5486,1824991,675831,1149160
75966,9741244,8015159,1726085
658,8704918,1522715,7182203
5404,1465279,-2545785,4011064
5386,6381699,1097541,5284158
5752,1481838,736935,744903
5395,1973994,-4874411,6848405
5646,1638411,-7716153,9354564
5431,8791156,3373872,5417284
625,8970048,5718711,3251337
9219,4295566,4188292,107274
5757,9529487,1637779,7891708
14393,7023302,539285,6484017
9216,1396245,-3086029,4482274
5939,7457918,4249460,3208458
6765,3260925,-2189571,5450496
5584,4156962,2420345,1736617
628,9437541,7434311,2003230
79770,2319722,-1707159,4026881
9211,5497077,2651465,2845612
9222,3084380,-758998,3843378
10251,4878323,2528305,2350018
2997,5686208,-2425292,8111500
5625,1050813,-3033256,4084069
74339,8407416,886989,7520427
9221,8020824,2057732,5963092
79744,9810131,8631320,1178811
533,8011242,-1529987,9541229
5405,5091248,3801245,1290003
9743,3127085,-3295235,6422320
9213,9360683,1430506,7930177
9206,4072933,-2949348,7022281
16839,1563966,-2852800,4416766
5330,5182965,-4130852,9313817
5517,6501820,-1761453,8263273
617,1195024,-5673216,6868240
5287,9478791,7309644,2169147
9224,9385835,2435815,6950020
72129,3784423,-3652506,7436929
10942,8199063,-975484,9174547
5864,9863325,1877028,7986297
525,7361172,296496,7064676
5281,3276766,2958088,318678
664,8085900,5427883,2658017
532,1990601,-7620674,9611275
5726,7486397,6989546,496851
509,2169365,-6821644,8991009
5510,4115353,109653,4005700
10892,8773089,-231821,9004910
5945,1662404,-536182,2198586
531,1245978,409281,836697
6927,1347260,1189530,157730
10219,7834407,3776148,4058259
14540,6656915,-1883546,8540461
5710,4847097,2893632,1953465
15231,2453262,-4487418,6940680
615,8071349,5141800,2929549
5780,7957103,-1379121,9336224
514,3901698,-4060790,7962488
5601,8170689,3901367,4269322
8912,8694643,1646448,7048195
6474,8826668,3138297,5688371
5206,1445031,-1925994,3371025
16775,6107975,-17196,6125171
14070,8004765,-1909945,9914710
74806,8556463,8042298,514165
74259,2946847,445048,2501799
74259,4114473,-1992356,6106829
606,5667953,2211477,3456476
9324,1931905,-1679764,3611669
76267,2239855,-5052453,7292308
5406,2681086,-3744122,6425208
9217,6889917,2643301,4246616
5941,9472825,3833572,5639253
570,3859797,2005567,1854230
672,1099193,-5865155,6964348
74880,3599366,-1772381,5371747
5967,5289328,-1445718,6735046
5728,9198771,7315177,1883594
6469,1146842,910853,235989
15123,7770769,848346,6922423
6972,5129334,-3576160,8705494
76934,6998876,582595,6416281
16188,8532259,1782703,6749556
74161,9726750,2268721,7458029
517,6059994,-18344,6078338
5231,3933091,-5913301,9846392
6591,4822335,566122,4256213
8722,6604683,6069028,535655
9815,4759973,-4950317,9710290
72237,5047570,4881454,166116
6435,9186463,3454955,5731508
8851,4408584,4102928,305656
10546,2447579,-1139450,3587029
6481,1002581,-8958867,9961448
79700,5840660,3367724,2472936
5203,5209136,-2606446,7815582
560,4923669,2970040,1953629
8660,3050959,-119950,3170909
74208,6226286,673091,5553195
6662,8516170,3561641,4954529
76213,4280346,-4903956,9184302
9453,8379289,6453037,1926252
5260,6307503,-2172270,8479773
74195,4970826,2261801,2709025
74118,9592153,4493330,5098823
15167,6083599,-1997213,8080812
5543,5277669,-2595583,7873252
605,5729139,4395237,1333902
74948,1249543,-2057642,3307185
5882,2363599,-7208684,9572283
5990,6723476,1210778,5512698
8754,7242316,7009319,232997
5624,6813560,-444174,7257734
581,5566786,-2169016,7735802
5768,7049255,-1994301,9043556
76510,9397227,-346091,9743318
74422,6185884,243847,5942037
668,6610472,5124999,1485473
15934,2766096,-2890521,5656617
74112,8641471,5312774,3328697
9513,7005327,1697325,5308002
8727,6331251,-1825529,8156780
5279,3117905,-908092,4025997
76208,5883657,5526554,357103
79512,2505332,-7467223,9972555
5937,6893551,418850,6474701
5781,4813802,4184512,629290
5245,2108728,-6866978,8975706
74783,7454215,-2475513,9929728
5825,7515848,6134040,1381808
10252,5367221,-4031693,9398914
5101,3008240,2061611,946629
74122,6033124,-44942,6078066
5259,2473146,-5845237,8318383
9636,2114479,-240333,2354812
74772,6844412,3597866,3246546
5559,9360101,7381318,1978783
5371,3358076,-1121185,4479261
79771,9064514,8377745,686769
15582,1366185,-5105259,6471444
5711,9153235,7435033,1718202
6548,3789104,-1078086,4867190
6505,2974143,-5869900,8844043
12868,3015708,2192692,823016
74425,9586617,899778,8686839
15680,5694341,3916443,1777898
6728,8072309,3671714,4400595
74280,6854558,5256800,1597758
10711,5978105,1003540,4974565
5274,5859920,-1809939,7669859
74684,1375144,-616118,1991262
5322,2822807,-430544,3253351
6648,8982890,3541481,5441409
11329,8855628,7210175,1645453
5571,5360739,3279483,2081256
74275,9238386,5392378,3846008
16135,8536476,3542042,4994434
74275,7749127,-895600,8644727
8111,7683822,5206554,2477268
5311,9682520,4080354,5602166
79567,9103242,-340523,9443765
5732,9529410,7818102,1711308
79660,7702857,-1475799,9178656
641,7096036,-1439954,8535990
74288,5719023,-228239,5947262
76210,9538818,8043508,1495310
6468,7773043,5276106,2496937
6532,6339584,3704982,2634602
5875,3598989,-4741413,8340402
74327,7743236,3063654,4679582
6730,3047344,-359659,3407003
76367,8066733,3425446,4641287
8981,1706229,-6891766,8597995
634,3910819,-3653127,7563946
74206,8188971,4325948,3863023
14226,6846593,-939111,7785704
10544,4000263,2000996,1999267
5242,8724419,1548392,7176027
9490,4941401,3434031,1507370
5863,6321998,5860539,461459
74204,7695382,2222168,5473214
13782,9639836,4722442,4917394
9999,1379072,-2631956,4011028
5975,7483064,4966813,2516251
5856,9145188,2469224,6675964
5956,8824007,906444,7917563
74932,8689008,7478430,1210578
13396,4592091,609056,3983035
74978,6474159,4985758,1488401
5463,1077851,-7732622,8810473
74982,6297879,1944307,4353572
13215,9564667,4529956,5034711
5926,4718211,1174501,3543710
6465,8720256,8448686,271570
74163,7069332,292113,6777219
10339,9414262,-76095,9490357
9901,1874135,-6472646,8346781
79636,1749540,-2494660,4244200
2888,4358741,2417172,1941569
3471,3917769,-357449,4275218
5418,8397748,4659400,3738348
79576,5553225,-3395492,8948717
6762,9914996,4436814,5478182
76163,9725248,3384652,6340596
8110,4384361,-1616719,6001080
6472,6170620,-268590,6439210
6658,5552393,1238761,4313632
5263,7031066,-1202784,8233850
74676,6121274,699069,5422205
6971,3571825,-877694,4449519
6907,2090294,-7516802,9607096
79589,6874497,4973331,1901166
2906,5290976,-4359792,9650768
5474,1754182,-1500852,3255034
74445,9266547,2979721,6286826
8827,6521783,-376109,6897892
2945,1725730,-7689716,9415446
5616,4686247,-2308585,6994832
74689,1176974,389944,787030
8624,3518642,-706883,4225525
5940,7074529,4774407,2300122
5888,6756147,4303587,2452560
76344,7518869,5226188,2292681
10103,2474252,-3803917,6278169
6522,8221516,2012449,6209067
9822,8097910,7929917,167993
13639,1570662,-3809680,5380342
6623,5311414,-1503304,6814718
11776,1500689,-6095368,7596057
9491,8336965,7289182,1047783
5946,7865059,6627978,1237081
6895,2777342,-2605738,5383080
5556,3625633,-2126597,5752230
5727,1686847,-7768749,9455596
74908,7645817,7529189,116628
6986,5645019,-4017475,9662494
76746,5528772,691605,4837167
76657,7661774,6265817,1395957
5963,8575814,8110494,465320
10349,1952338,-5173078,7125416
8625,5810066,1144847,4665219
79508,5825949,67536,5758413
10944,4916142,-3656126,8572268
74475,5818299,1945517,3872782
5883,1757294,-2968426,4725720
13558,7151266,-2422965,9574231
619,3266036,-1529701,4795737
2842,2999063,-1467667,4466730
16204,1595750,-4477038,6072788
74367,8961908,6752571,2209337
6958,4611419,-5030896,9642315
8684,5094695,183040,4911655
72205,2049796,-6824576,8874372
5282,5289053,3117772,2171281
5254,3978333,3720651,257682
5744,5957363,2387111,3570252
8730,4230782,-4381026,8611808
10142,2716347,-636450,3352797
5895,3011083,383588,2627495
3423,4262139,2269201,1992938
6724,9851546,7215117,2636429
5265,2502999,1793960,709039
70081,9295296,736393,8558903
16014,8581416,3911701,4669715
6626,6568075,1176705,5391370
5659,7314268,3155867,4158401
9638,4913858,2968375,1945483
6714,6025891,5818355,207536
74997,2643220,-6470452,9113672
5536,3011829,-6871065,9882894
10143,4250303,-5676477,9926780
5936,2554558,-4485013,7039571
645,6918110,4190553,2727557
5320,2229923,-7110620,9340543
8800,2523281,-2652942,5176223
5892,4033114,-4056648,8089762
9897,3684763,-43283,3728046
74911,2579460,741144,1838316
11238,2813502,-1659501,4473003
5542,7213516,441993,6771523
6882,2026299,-2328001,4354300
612,2126760,-5129110,7255870
8801,1186644,871768,314876
76548,9571967,7194607,2377360
568,8238974,7615586,623388
6480,5697727,-1428803,7126530
9594,9183158,7769248,1413910
74478,4975944,4566985,408959
13557,2271250,-7072076,9343326
8113,9024781,2543954,6480827
74187,1683098,-90461,1773559
74187,5286853,3261768,2025085
5764,3117036,-3029644,6146680
5105,4430998,2677314,1753684
10187,6698859,3002424,3696435
10543,8517134,4668531,3848603
6663,3769214,-1755254,5524468
5550,1866470,-3363849,5230319
75730,2721383,-2347935,5069318
72427,6628164,4515414,2112750
15639,7340315,4392339,2947976
79625,9860660,3251038,6609622
9285,9404825,5505308,3899517
13400,1366609,-90273,1456882
76942,8804748,7849756,954992
5740,8856152,8733630,122522
75818,9053993,4917962,4136031
76128,5543369,3293766,2249603
74455,3347040,-6313038,9660078
590,5145977,3625714,1520263
11330,1719131,-2864790,4583921
2891,3269242,93872,3175370
74963,3295720,-3201286,6497006
75409,4593051,3495832,1097219
6489,6311051,-372588,6683639
76345,8455390,6640881,1814509
9742,2257961,-3980589,6238550
9821,2454350,-1063946,3518296
627,4026805,-3741417,7768222
5690,2653333,-432853,3086186
6993,5120209,-527652,5647861
74392,5515354,-1422932,6938286
74392,7500507,4109212,3391295
11334,5757661,-3982702,9740363
6457,5146678,-1433194,6579872
79588,3480581,-5709310,9189891
6831,5133521,-947333,6080854
9325,5859596,-2786226,8645822
9287,4046991,2596904,1450087
76158,2999747,-4826597,7826344
6614,5678884,315134,5363750
8676,8685531,4116811,4568720
6755,2836036,2041368,794668
76900,9753519,3901740,5851779
5407,2893327,-5980255,8873582
6908,6605904,-2713776,9319680
2907,6085452,5227864,857588
9341,6053357,-1361057,7414414
11866,5523585,-265538,5789123
79789,2507620,-129204,2636824
5623,8690855,5170259,3520596
8728,1791338,-1306928,3098266
6477,8218304,4510555,3707749
9340,6236996,-980696,7217692
9511,7727539,1737160,5990379
5684,1140173,-7412799,8552972
9330,8069402,3707693,4361709
74809,8621680,5602372,3019308
6710,8078231,-737027,8815258
74188,2029140,-3923537,5952677
8622,2781724,-4076097,6857821
5901,5466196,4953997,512199
6742,4536299,4333557,202742
5319,6228720,2510722,3717998
11333,7941497,5511455,2430042
6795,8658642,345081,8313561
74464,2702271,-5742318,8444589
74301,9580673,1253179,8327494
10719,7602481,-1145488,8747969
14209,1528515,-4545134,6073649
5270,8587560,4707466,3880094
14463,2737914,-5730910,8468824
10423,3930126,-2873807,6803933
7929,4942248,-3355064,8297312
5224,4393574,-4503720,8897294
6550,1696818,-3434521,5131339
6492,5443412,1579791,3863621
9264,6291268,-227651,6518919
8979,1994830,-6142362,8137192
76511,4354678,2629129,1725549
74693,2773996,597043,2176953
623,8622211,6828039,1794172
13402,8594111,5423739,3170372
76506,9849051,8266614,1582437
6646,3986284,-774469,4760753
8683,8244496,3527330,4717166
6914,7893061,-834903,8727964
13993,1740380,-8026065,9766445
6813,1466616,-5147645,6614261
74300,8565349,4611194,3954155
6491,5839655,537656,5301999
74297,4468936,1064141,3404795
11985,3070527,-3912100,6982627
74441,3130253,2399747,730506
6559,1883737,1541770,341967
5345,5028289,-3342229,8370518
79643,1756850,71540,1685310
9686,8297502,1893756,6403746
6617,1895588,-7907459,9803047
17018,9286878,7874627,1412251
6617,5005651,-2993011,7998662
5470,4858169,-2792693,7650862
7982,4014693,-2119484,6134177
5796,2043924,-4027,2047951
9286,3462301,106880,3355421
9747,6757949,793270,5964679
6719,9637601,7675517,1962084
2908,1282225,-8322934,9605159
11237,7122488,1115027,6007461
7957,8472848,4349434,4123414
5944,6960655,-2618896,9579551
10227,8914811,6901754,2013057
6534,6934616,2361966,4572650
76842,8349703,5038168,3311535
6715,1010829,-2260807,3271636
6738,6673014,-696653,7369667
6970,3180884,-6057308,9238192
74454,4359469,3958693,400776
5499,2185887,-3805991,5991878
74990,4225304,-737802,4963106
10818,4978487,4525589,452898
74226,6525886,-36389,6562275
6660,2443703,-4509727,6953430
2841,9000110,6510328,2489782
6429,2473302,-1938042,4411344
3474,3332108,82239,3249869
9792,8861277,-287534,9148811
6938,1005237,-7107990,8113227
6653,8329486,3982732,4346754
10223,7196996,1766360,5430636
74861,9405628,6893392,2512236
7928,5072721,-4893394,9966115
76694,7085115,3528730,3556385
11096,6034381,-89624,6124005
6929,8367132,3664919,4702213
74946,1804827,-406886,2211713
5954,1248753,-1507477,2756230
13780,8601518,4538330,4063188
74184,1472157,-6349554,7821711
10183,5842315,3684380,2157935
5361,9384944,8134781,1250163
5993,9687775,801343,8886432
9595,4603828,3532370,1071458
604,6586591,5372012,1214579
74492,2887013,-6950300,9837313
10220,3834108,-3547732,7381840
9418,3933848,1378383,2555465
79583,7411877,2382648,5029229
76263,2221980,-5464547,7686527
11235,8915354,2897292,6018062
76930,4772507,4055456,717051
10671,6467063,2471362,3995701
10774,7951900,5168417,2783483
11830,4362137,3194334,1167803
13398,5230221,1735606,3494615
5249,7120995,-1446114,8567109
79766,2982059,1867534,1114525
8642,4412624,1381431,3031193
74477,8812756,-946940,9759696
8623,3192069,-980226,4172295
6478,4094616,1600763,2493853
6727,2843769,-4390011,7233780
79629,8801576,4777891,4023685
3470,7404488,-2212447,9616935
5849,7392064,-644872,8036936
74855,9354994,2764130,6590864
11337,4821719,-3018158,7839877
632,6646150,384719,6261431
5778,9112686,7517188,1595498
76425,7730263,6856717,873546
74171,1068556,-973505,2042061
640,6207562,3076712,3130850
6764,7350235,6810364,539871
6789,8744023,-862375,9606398
9749,2654702,-3652257,6306959
2843,9988532,7033950,2954582
74409,1992290,-1014031,3006321
74949,9593964,3331634,6262330
3456,3311933,1310174,2001759
13227,3165429,-1274631,4440060
74201,2782456,-6816742,9599198
10547,9923460,452905,9470555
13463,5949529,993655,4955874
5233,9970765,1811348,8159417
74823,1042740,-3848014,4890754
14542,7671217,-1064973,8736190
76332,3537767,-2063579,5601346
5855,9907533,5579881,4327652
79584,4497395,1149544,3347851
13181,7249022,-1654240,8903262
10548,8981802,-886562,9868364
79586,8235526,-1051965,9287491
8675,4944641,2208650,2735991
74952,8411881,835688,7576193
11602,4286964,2629036,1657928
74858,9186340,1892143,7294197
9260,3914283,3101447,812836
6533,2386888,-3995135,6382023
6936,9797179,9184186,612993
11221,1837898,-1107796,2945694
9262,3503778,1377563,2126215
79504,6391629,-1035885,7427514
3422,4916044,57081,4858963
8729,7578760,4817320,2761440
5970,2253361,-5470879,7724240
76264,4865831,2492320,2373511
16207,1354157,-233657,1587814
9263,1924406,-7017782,8942188
9900,4079473,-953738,5033211
72776,9785322,8611198,1174124
5820,9606112,4582856,5023256
5820,8401757,2936164,5465593
79594,4117343,2769899,1347444
10587,9814617,3944176,5870441
8798,6920785,5431372,1489413
8798,4376917,-3793279,8170196
14131,5632058,-1245895,6877953
13637,9889808,7294729,2595079
72947,5200933,4252112,948821
16758,9924926,4152942,5771984
14071,8146873,640786,7506087
6586,2044703,-4646743,6691446
10936,4009115,641258,3367857
5930,2820319,-2210527,5030846
5252,1025148,-7869365,8894513
74289,2782324,-6743092,9525416
10804,1798393,219232,1579161
74779,4468088,-3949873,8417961
6717,1842477,-5742309,7584786
3486,6456755,5701297,755458
6639,9940243,431607,9508636
10581,3808170,2379832,1428338
11828,9493796,861978,8631818
74962,6171695,-597718,6769413
13399,3379786,-4208072,7587858
6625,7349539,-1285439,8634978
79628,3934318,1216223,2718095
11166,2332079,-3467704,5799783
74338,9049714,8512705,537009
74338,1601720,-8284831,9886551
5739,6011478,2203313,3808165
9903,5567036,-1075026,6642062
9492,3102744,-1523325,4626069
79730,6523830,-376812,6900642
8114,2580845,-3661962,6242807
74192,4786674,-25296,4811970
73555,9443378,1042028,8401350
8699,4457415,-1639900,6097315
448,4419076,826966,3592110
443,2200949,-3119928,5320877
79553,1642323,-40506,1682829
444,1653687,-500892,2154579
2865,7867900,-1104361,8972261
14320,6679422,66877,6612545
79353,3946957,-974824,4921781
74815,8857873,8311183,546690
21009,3169648,-6279415,9449063
75453,5652452,1181244,4471208
21011,1115032,-6762136,7877168
21046,8959576,7988670,970906
21061,3406164,-1227497,4633661
21044,1463637,-1394313,2857950
21072,7955596,1926539,6029057
21006,5524084,-825149,6349233
21063,3127818,-2049726,5177544
21051,9416602,3265842,6150760
21073,7015762,2143758,4872004
21005,1906719,-1325548,3232267
21034,6666006,-2294063,8960069
21047,7132094,-1652479,8784573
21053,9971274,2847632,7123642
76998,5120452,-2816312,7936764
21012,6434429,1453683,4980746
21059,1128145,-171124,1299269
21018,7044255,5660028,1384227
76999,3122231,-880910,4003141
75905,2887700,-4329433,7217133
21062,8111409,4042483,4068926
21038,5809355,5218131,591224
75799,1086859,-891013,1977872
21027,5745534,-2869031,8614565
75906,4578206,-1909624,6487830
75655,6358733,5535554,823179
75965,5656355,4492257,1164098
72387,4241581,-3177872,7419453
75732,6356429,2834306,3522123
21056,2392562,-541940,2934502
21017,7842373,7603897,238476
21055,7509375,4930933,2578442
21004,9068651,2561892,6506759
21019,3916916,-4622155,8539071
21042,1918420,-6561191,8479611
15126,3193511,-118695,3312206
21054,6152370,3725209,2427161
21014,3867462,-5656023,9523485
21026,3076222,1955869,1120353
21045,4779050,-4034259,8813309
21031,8574251,-1229643,9803894
21032,9768699,1266370,8502329
75975,2512686,-6550811,9063497
70007,9201348,7646353,1554995
21069,8636762,7548484,1088278
21043,3474807,2092687,1382120
21020,3681263,-916664,4597927
79681,6546872,3068976,3477896
21033,7921423,1153666,6767757
21021,1309609,-5620170,6929779
21028,1021387,-2666711,3688098
21001,4672098,-563262,5235360
21048,8686300,7711708,974592
21015,8211801,7368943,842858
21050,7001268,6316891,684377
21013,5351472,-3183764,8535236
3870,5172386,1731011,3441375
1563,8482175,5591926,2890249
15774,9841117,9123777,717340
21039,2497125,1132139,1364986
21035,2259479,1154388,1105091
21030,9796025,874066,8921959
21070,9602252,4588958,5013294
21049,6415943,-1916683,8332626
78021,9794794,8021462,1773332
21041,9225465,2930203,6295262
21071,1135805,-1275556,2411361
21040,2070372,-89010,2159382
75613,6420344,5153721,1266623
75957,8078810,3207379,4871431
21002,6659089,5352760,1306329
21037,6710870,4654626,2056244
3508,2876085,-449252,3325337
21022,4029692,-5917139,9946831
72744,2176882,-2357744,4534626
21023,2119260,-6283833,8403093
70063,2461955,386614,2075341
21016,1813091,-5305819,7118910
21029,9057945,502439,8555506
5134,2579781,-2992056,5571837
74989,2607175,-2946911,5554086
10695,4639990,-4261634,8901624
73742,6768927,3804409,2964518
9533,7406110,-345799,7751909
74302,8623547,6268590,2354957
79246,2253187,2151687,101500
2916,5946617,3131717,2814900
15618,2622221,-6014209,8636430
482,7597674,991627,6606047
74316,3896653,2322866,1573787
72234,2296187,-596955,2893142
73418,3625807,-813908,4439715
476,6197540,232816,5964724
8735,4006157,-2562745,6568902
2795,2856787,-5127428,7984215
74205,6151692,-903850,7055542
72793,8987749,339362,8648387
497,7399148,6786875,612273
76261,2534312,612113,1922199
73267,5697041,1417010,4280031
74205,6863726,3277356,3586370
14371,7826275,5241704,2584571
457,3455903,-3038981,6494884
462,1645443,-6287353,7932796
11978,3021925,316597,2705328
73167,3795553,-966283,4761836
74976,8287991,-536377,8824368
10696,5441173,5223298,217875
484,8307163,-275003,8582166
74135,4638099,-2403000,7041099
74279,7205523,-1999282,9204805
418,5224817,-4353396,9578213
73129,1759707,-7132415,8892122
487,3227155,-4628668,7855823
74448,3739744,-1267880,5007624
485,9681673,2869950,6811723
416,2521692,-4070374,6592066
493,5052486,-4015435,9067921
10330,1835012,827947,1007065
438,2250740,-4597056,6847796
73593,2072200,586769,1485431
15430,6410384,2844364,3566020
424,3930100,1572694,2357406
3366,5610169,887552,4722617
3398,6185858,3435150,2750708
494,5582772,-3187934,8770706
9371,4501426,2128696,2372730
16317,2094164,-3955276,6049440
464,6912337,2173073,4739264
498,2145867,-2982458,5128325
73188,1192250,-583310,1775560
478,6720540,5112144,1608396
440,8456647,-190230,8646877
3389,5128045,1263635,3864410
74424,6849931,-465225,7315156
447,9401099,547594,8853505
74325,4312232,-556896,4869128
72232,5555593,-2135634,7691227
461,8628903,7922369,706534
79620,1185965,-51584,1237549
479,4394304,-824884,5219188
406,4345729,-3706649,8052378
10290,2734599,-220,2734819
434,7568801,6432947,1135854
10466,9263821,631065,8632756
8737,1853098,-33259,1886357
79661,6158228,3893798,2264430
74468,9204025,6649329,2554696
454,5405887,-4197040,9602927
3374,4663864,2498383,2165481
79525,1639083,-8064320,9703403
417,5174500,-2072894,7247394
473,4028954,-1366501,5395455
79597,8438419,-714201,9152620
79457,3636307,-2096722,5733029
3713,9421665,1551008,7870657
465,2093797,-3088288,5182085
408,5276069,-1122691,6398760
10169,3576724,3377964,198760
75291,9752503,856809,8895694
415,1990139,848280,1141859
2915,2667723,-6694053,9361776
76160,4607287,-4515961,9123248
76523,9082126,8483560,598566
433,3164071,-4966715,8130786
436,9044728,7392041,1652687
8841,5307013,-1180417,6487430
73396,1569971,-1842977,3412948
14028,2803893,2061757,742136
432,7798312,285046,7513266
3386,8683565,-579092,9262657
413,3277524,-2284721,5562245
427,8375997,-1525021,9901018
76560,1326284,-7582184,8908468
74804,8395270,4551370,3843900
74103,3018479,-3630059,6648538
439,4755302,2826359,1928943
468,4922404,-381230,5303634
13862,6428939,573666,5855273
72746,7570834,831052,6739782
13325,9743259,7523420,2219839
471,8899215,5176856,3722359
74376,5589694,100962,5488732
72991,8979099,4156782,4822317
11200,2630380,-2633831,5264211
73146,2493613,457285,2036328
79388,4442343,3948095,494248
467,8397844,5746282,2651562
10051,7672544,2889998,4782546
456,5495121,2506574,2988547
14040,7254886,3119069,4135817
74459,5903596,-2309467,8213063
492,6906548,4235463,2671085
14041,3349993,-2600755,5950748
8719,9034458,8509760,524698
74193,8485383,2103418,6381965
470,4493973,-2124750,6618723
73790,1291173,-3602077,4893250
451,8966725,7653234,1313491
8736,4152131,402414,3749717
74421,3826648,3428189,398459
414,3228670,-5909961,9138631
3390,3822031,-4361720,8183751
450,2162127,1628897,533230
74426,9817722,1972096,7845626
14998,1255872,-5572584,6828456
474,1340023,-4433068,5773091
402,3663898,-4764203,8428101
3301,2308686,-4825242,7133928
401,6042928,-2605201,8648129
79624,1116368,-7634681,8751049
403,3976909,-2585895,6562804
403,7022252,-2600123,9622375
2925,8052245,3004171,5048074
15727,4649118,-1819608,6468726
75767,8739006,6879648,1859358
14370,3107050,-913668,4020718
11374,1666595,-6371257,8037852
455,9109150,5310389,3798761
3399,9608914,1022180,8586734
412,6365637,-1349626,7715263
16862,3043913,99148,2944765
469,3006415,-3740198,6746613
407,4456823,-108004,4564827
466,5396815,-4357956,9754771
405,6180605,-1352106,7532711
9337,2932462,2546845,385617
79622,5080729,-1960903,7041632
428,1873859,-6337076,8210935
15510,7031818,201163,6830655
2866,8518762,2720929,5797833
477,5410391,-3909763,9320154
70338,6101810,5481201,620609
3380,1580323,-4073048,5653371
74303,8222753,-147401,8370154
442,6693524,112676,6580848
14045,4720311,-1711529,6431840
14026,8013576,5063081,2950495
10465,4211736,2415601,1796135
420,8922443,-925121,9847564
3412,5183347,3919398,1263949
472,3262990,1259907,2003083
14031,4887391,1601340,3286051
13903,5181638,-3347728,8529366
410,6058182,-3458654,9516836
14046,9631580,8799289,832291
13267,1067908,-6783825,7851733
3714,2478084,-3392281,5870365
73479,7905889,2815932,5089957
79501,4477167,2362149,2115018
9924,5463192,-813955,6277147
9666,7583432,6821615,761817
409,7133033,6086618,1046415
79416,1160112,-3787657,4947769
9498,1435101,-7951002,9386103
8738,8133841,631532,7502309
435,4013540,1276781,2736759
79541,3827356,-4292432,8119788
419,1869282,644788,1224494
463,7397150,2212127,5185023
79385,7035859,4367974,2667885
495,9180354,2477457,6702897
491,5292847,-2904295,8197142
423,4003154,3173982,829172
496,9201066,3779913,5421153
79496,1520104,1105090,415014
72708,1016645,-1039170,2055815
72697,5274953,2626941,2648012
14042,1293769,-2119522,3413291
73438,1264010,853740,410270
475,7308571,2472886,4835685
14044,7677030,6001413,1675617
15555,5826576,423825,5402751
74417,2780200,-5887186,8667386
9611,7533486,-1025710,8559196
2794,3677317,-1632268,5309585
488,7976706,3654980,4321726
437,6038805,-3007142,9045947
411,8859538,2947442,5912096
73737,3418795,-2184810,5603605
74498,2563387,-2634055,5197442
480,5641069,387634,5253435
79540,6531281,5098818,1432463
74277,2385700,-913211,3298911
79502,9089951,2315528,6774423
14047,7918864,3232514,4686350
74682,1331307,-5584164,6915471
72910,1481552,-7810630,9292182
74775,2813255,-4852818,7666073
79336,3527709,25341,3502368
74458,7752498,4299347,3453151
431,4479813,3223913,1255900
14043,8879992,7126994,1752998
72911,6791866,-2081837,8873703
429,2399812,1203575,1196237
483,2573777,-5496984,8070761
14305,2178370,-3889134,6067504
11544,5722059,-3805268,9527327
5109,5506414,3348259,2158155
425,7039530,5337893,1701637
11545,3230492,-1777769,5008261
3405,6090703,5633869,456834
14030,8695570,3412497,5283073
74390,5317538,2757589,2559949
75916,2382842,-3842481,6225323
75539,5802330,4770859,1031471
75915,7219696,6310960,908736
75917,2008016,-2728893,4736909
74107,9577329,9430476,146853
10291,1489453,-8348794,9838247
72229,7682135,4789111,2893024
72866,2699749,1252592,1447157
74324,6678312,-1517971,8196283
3373,7454710,-2023615,9478325
489,3391704,-3525873,6917577
74369,7211649,1400054,5811595
3344,4415601,-3643175,8058776
74929,7380413,-379401,7759814
2902,5845022,-2910260,8755282
74945,1312563,-951072,2263635
2938,2667654,-1975009,4642663
379,6914750,5025783,1888967
10178,7199276,6997569,201707
16106,2738886,-1748033,4486919
79402,2541574,865114,1676460
72792,1724405,-2964568,4688973
74111,8359442,-1605946,9965388
3406,2014188,-4620253,6634441
74863,4678971,1576295,3102676
3375,4692449,4097892,594557
74185,9343017,659227,8683790
10059,4898361,-2728443,7626804
10623,2794575,1457973,1336602
344,6680428,3143678,3536750
3275,8304062,4800738,3503324
74785,3637413,-3004856,6642269
3291,7891716,1918401,5973315
74494,4253288,-3375577,7628865
13509,2552710,-2338065,4890775
76243,2505521,712578,1792943
11671,3544873,2366776,1178097
9305,1283615,-8499107,9782722
10170,3044274,2467262,577012
74915,4896327,-4688356,9584683
72791,4089978,-821459,4911437
74778,6846137,4546626,2299511
74134,4397592,-709270,5106862
73596,7878079,5013101,2864978
74220,8814406,2702659,6111747
3249,7185611,-1980293,9165904
3349,3353007,-2475416,5828423
73168,7565661,7144861,420800
3314,7200678,1557085,5643593
79736,8084799,705942,7378857
72174,9439923,8042905,1397018
13327,3111998,121270,2990728
79616,5439659,-3635235,9074894
13326,1519561,1172044,347517
3410,4118400,-3811898,7930298
74304,8919493,418470,8501023
13917,7702762,-2060142,9762904
74321,6102123,1793742,4308381
74345,7612613,5935147,1677466
458,3751712,-1945110,5696822
3415,9454421,3540607,5913814
72912,9377922,6320896,3057026
421,7980383,6507100,1473283
74956,6968068,5718215,1249853
11666,8610546,3391533,5219013
74765,3835611,3654335,181276
74317,6454226,2049846,4404380
3268,9923882,7296692,2627190
13507,3879173,136302,3742871
74819,3648230,2950461,697769
72783,9885704,3415366,6470338
79495,1556685,-1629701,3186386
74309,3827207,-909610,4736817
9531,3073282,2903076,170206
74444,9693950,4640019,5053931
10467,7996294,-84309,8080603
72231,2110342,-2422820,4533162
74362,6328715,-2128415,8457130
79724,4508770,-860833,5369603
3381,8265321,780368,7484953
74967,7297608,-443825,7741433
3328,1950598,614068,1336530
70014,2688270,-6458289,9146559
74210,4357703,-2490581,6848284
74210,9986358,3049446,6936912
12448,2881620,-1584966,4466586
79688,8111404,1110179,7001225
74987,6590571,1891548,4699023
8843,3030997,-6131679,9162676
72230,5835573,-630780,6466353
8842,8077746,2471910,5605836
73839,4734333,4244338,489995
14304,8456083,-1091251,9547334
79550,1022014,-6531332,7553346
79424,1272070,-2968574,4240644
2975,1187048,-4548711,5735759
11201,1766315,-1677211,3443526
74236,7944622,-2018584,9963206
3367,4330358,1567511,2762847
73336,8520243,4754861,3765382
449,9329187,7502771,1826416
73497,1255387,-2720091,3975478
79768,3223420,-3851160,7074580
2976,8624756,1373949,7250807
3409,6428681,-3297857,9726538
3409,1828349,1077430,750919
3416,3235986,2069237,1166749
72731,2241824,1674090,567734
459,9638272,1290751,8347521
16863,6422826,4999899,1422927
73187,9510854,-298137,9808991
74312,3032034,-6400734,9432768
422,1400580,629324,771256
79755,5601094,250543,5350551
15849,3790796,-6128876,9919672
70366,9568784,1343072,8225712
74793,4402040,1847844,2554196
79547,3908916,739612,3169304
74977,4824118,3275537,1548581
74311,2498992,1737944,761048
2815,7944019,5460319,2483700
74365,9247797,6335641,2912156
74365,4678365,-1679523,6357888
445,9321387,3049750,6271637
74221,7625396,3142023,4483373
9725,3051099,2687480,363619
73685,2519183,-2307992,4827175
441,7166460,3074429,4092031
74906,2866879,1042037,1824842
441,5747292,-353480,6100772
8771,1927701,1447814,479887
74359,8551816,2819861,5731955
10401,1917051,-4637258,6554309
74262,8137880,3492005,4645875
74286,3001623,-2014226,5015849
79623,8889352,8530011,359341
10402,5034579,4891490,143089
79635,5215952,-1588441,6804393
9724,9961737,1418049,8543688
74937,9203674,7785209,1418465
9448,8189012,1222861,6966151
3287,9950271,8245401,1704870
79704,4172267,-5551059,9723326
73541,1565238,-1691726,3256964
9486,4682671,-4162796,8845467
377,6929620,-109061,7038681
13914,9734875,8457607,1277268
3214,4213239,3544967,668272
10476,5556803,-324898,5881701
73682,7291545,2194838,5096707
9786,2197863,381144,1816719
8936,7841395,7117426,723969
3360,4449631,2197655,2251976
14483,4826982,-4952880,9779862
76865,3723830,-5372745,9096575
3206,4038812,-1921681,5960493
74769,8373821,6088638,2285183
10848,7406189,2987427,4418762
79753,5812937,-1919334,7732271
79729,1025445,-8771069,9796514
9320,3787019,-5438674,9225693
74394,4605291,3641384,963907
76297,1777275,-6424840,8202115
3385,9975590,260824,9714766
3369,9438272,4668868,4769404
310,6720071,-1618117,8338188
13506,4325454,-5087829,9413283
74487,5635064,-1131681,6766745
11662,4513821,-1715928,6229749
9302,6240558,5069996,1170562
73508,2991589,-4341197,7332786
10529,8843763,1147914,7695849
73606,2867620,-3423310,6290930
73110,1997093,1796697,200396
79548,1463209,216730,1246479
330,8987082,4981019,4006063
74825,5317842,2045696,3272146
3245,5881146,-1105656,6986802
3252,2627106,-6465456,9092562
3797,9243575,8635622,607953
73843,9694129,6537807,3156322
76168,8222535,-852750,9075285
3384,8049023,7922768,126255
74473,1616924,-2495800,4112724
3396,1021488,-1053873,2075361
79369,1124639,-7217303,8341942
8776,2372370,-6953973,9326343
3262,8899040,4006145,4892895
9541,2088907,-3228545,5317452
13729,3625175,264565,3360610
74322,7598702,6431086,1167616
73399,8747341,-776232,9523573
10475,9195091,4234094,4960997
397,6510106,3343371,3166735
9318,3072521,344009,2728512
72785,5403085,2183979,3219106
9410,1539429,-5562175,7101604
72774,4514869,1420540,3094329
10767,1968109,-4268829,6236938
74240,5750277,-186907,5937184
73723,9992266,3957412,6034854
11318,8922788,7217918,1704870
3387,6022975,-3171883,9194858
74918,1673257,-6017502,7690759
9855,9487712,2570544,6917168
16736,1701102,-7840379,9541481
74966,6299535,5224805,1074730
3244,4837657,-4909455,9747112
3850,1201022,684386,516636
341,8927049,3768520,5158529
3226,9061603,8372842,688761
75667,3019362,-5658002,8677364
11665,5167712,1794401,3373311
3251,8384176,7507239,876937
75666,4829858,-2570150,7400008
72304,3272558,3048392,224166
3361,7614031,2128390,5485641
13916,6927891,-822656,7750547
72303,4952102,1376535,3575567
322,1417138,-363799,1780937
76296,1387746,-951100,2338846
3267,3298977,-3888072,7187049
72576,1951900,1492777,459123
3334,4761912,-3066157,7828069
72301,6179583,424034,5755549
8781,3862269,-1872393,5734662
72303,9246864,8827383,419481
3288,6071148,223333,5847815
74826,7069762,-1307360,8377122
3257,7415168,380336,7034832
3273,2204208,-4849452,7053660
74408,8294203,-617563,8911766
388,4255339,-1848176,6103515
331,4990078,-895020,5885098
74381,9482877,3952091,5530786
14777,1371211,1068774,302437
356,9494675,2552256,6942419
79793,8746184,5301529,3444655
3364,5314783,-1467469,6782252
353,6597303,5377537,1219766
14570,4928414,1470811,3457603
345,3807724,-1208425,5016149
74412,1624179,774897,849282
73112,9377473,7967193,1410280
3213,2955395,-2017872,4973267
79251,9262750,324744,8938006
8797,8964607,1408666,7555941
75588,5052888,-2421639,7474527
75588,4969678,-269254,5238932
74176,9097832,7008414,2089418
337,3848936,1899610,1949326
79564,8914061,499980,8414081
3217,6823916,-1163121,7987037
9856,6542692,4630325,1912367
13281,9353080,2815415,6537665
79408,8479741,729462,7750279
74389,6941960,3338512,3603448
374,3741704,-5495826,9237530
311,2332146,-3124721,5456867
72586,2600801,-3050283,5651084
79534,6366309,3107586,3258723
312,9906576,8351997,1554579
3210,8264508,4739882,3524626
3345,4833097,2978543,1854554
74768,5198368,-1951765,7150133
10534,4283633,-3475288,7758921
3258,5815703,5666062,149641
3401,4152699,-1007327,5160026
3413,6350248,2753105,3597143
74703,2097049,-3363123,5460172
5073,5844336,583340,5260996
74405,7844530,151796,7692734
9319,1707049,-5183591,6890640
3320,7702340,4485872,3216468
8703,4831981,2361793,2470188
76993,7025976,5982095,1043881
76859,9361790,3803592,5558198
74456,2437056,1633416,803640
8137,9169093,8461145,707948
3272,8717900,4676067,4041833
15690,8089371,6687290,1402081
342,6860273,6533833,326440
74960,3292829,-5051952,8344781
3451,6295316,-2789319,9084635
79305,3027048,1269837,1757211
72176,3904633,2769522,1135111
3239,5390702,2769569,2621133
74692,4816440,-4351344,9167784
15560,9827912,247748,9580164
16361,5563357,3821939,1741418
3388,2101342,-290464,2391806
357,2206413,-1355145,3561558
9503,3402374,2339383,1062991
364,4529261,-778319,5307580
11664,5351759,-461399,5813158
79757,5883349,3862119,2021230
3219,3571812,-1715133,5286945
74349,2511505,-7443038,9954543
74268,9588362,4573735,5014627
74258,8299103,-674938,8974041
79533,6995995,3270492,3725503
376,7499409,7046336,453073
313,8184260,62972,8121288
74225,4868497,1874946,2993551
75305,7257398,2823149,4434249
11156,5722743,2929156,2793587
79328,8242824,3408725,4834099
3376,3748728,-1403841,5152569
11667,9670886,8331264,1339622
12950,5092797,-4546737,9639534
73494,5597603,3488347,2109256
3352,6446612,898154,5548458
79348,3902099,-5764709,9666808
3310,5690990,5536761,154229
11158,1762846,990740,772106
395,5704275,-149197,5853472
74472,8755183,4213360,4541823
79386,6694686,873178,5821508
3408,4305054,-712136,5017190
74410,7412994,-1137049,8550043
3202,5038925,-1572024,6610949
3277,9302204,-664057,9966261
382,8035548,7027283,1008265
14247,1693032,552462,1140570
74972,8659501,4821741,3837760
5124,8547829,5115170,3432659
11668,5032443,-1915018,6947461
3302,4050345,748613,3301732
3255,8156914,1977618,6179296
79347,4752214,-1497705,6249919
76259,6566431,1912471,4653960
3322,2178629,-5093186,7271815
79327,5239239,1937665,3301574
75814,4017913,948509,3069404
3228,8326377,2014225,6312152
79207,2472294,-241012,2713306
375,2441065,-3911628,6352693
329,1124188,-6636429,7760617
3336,8729044,6806408,1922636
3330,6787807,-1836632,8624439
3393,9401289,5220349,4180940
9303,6479233,4551999,1927234
3315,8718928,-1240400,9959328
15947,6385463,3670685,2714778
339,8137709,1104275,7033434
72707,1721006,-3848826,5569832
2983,5706333,-4270570,9976903
3306,3996400,-790100,4786500
3231,1771057,-1560880,3331937
3307,4876612,4008019,868593
3238,1759914,-2987771,4747685
3362,2777022,-500604,3277626
363,8792265,1578178,7214087
72115,4807076,-1360165,6167241
72575,6083830,-701819,6785649
10302,4262211,4076966,185245
111,2661959,-7108378,9770337
3391,8402522,5227326,3175196
15579,2165265,-203088,2368353
101,9296872,8559953,736919
75364,5545304,2802685,2742619
2937,1204719,-449630,1654349
3347,5731328,-3805101,9536429
102,3856668,-3421914,7278582
3292,3431869,-3392027,6823896
3312,9327954,4086280,5241674
392,8781145,6155606,2625539
10927,1446760,617734,829026
3324,5020024,9829,5010195
3260,1030350,-1902367,2932717
15939,9138598,5170456,3968142
112,8231936,1373830,6858106
15625,2616373,-6561674,9178047
103,9661473,2138553,7522920
3331,1385335,-4110351,5495686
14870,5527733,-1170595,6698328
9408,8022945,-194272,8217217
113,2289280,-5377270,7666550
114,5352010,414569,4937441
3278,8300374,563219,7737155
74489,6048842,-1664716,7713558
3289,7204433,-1612332,8816765
109,8457045,6473402,1983643
301,4457207,3953928,503279
309,3548314,827452,2720862
3298,6085349,-297305,6382654
3343,3600545,-1370579,4971124
3343,9756273,-229171,9985444
72922,9239003,389279,8849724
3270,3335398,-3688861,7024259
3341,9491454,8231948,1259506
79751,4616190,2564376,2051814
3261,5870220,-3577543,9447763
5191,3442752,1618467,1824285
115,5466536,-2069838,7536374
3379,3829438,1669102,2160336
324,7573890,2858619,4715271
106,7524626,3597256,3927370
3208,8746850,2511116,6235734
3296,5488000,3087674,2400326
3218,6852709,1722376,5130333
13011,2400679,277574,2123105
3313,8277785,4358952,3918833
15407,1649500,1490213,159287
366,3568960,-1004284,4573244
104,8926003,3896686,5029317
13009,8733540,1883939,6849601
303,5053052,-910719,5963771
3221,6773585,6064265,709320
79387,4857061,-3986701,8843762
3309,2803934,448738,2355196
73740,4545529,-5051035,9596564
79276,3943563,-2059342,6002905
10303,9878133,4252098,5626035
3281,9418283,5513508,3904775
5184,6274906,1059340,5215566
325,7248946,2322466,4926480
3242,8566560,-224469,8791029
72908,8903481,6291115,2612366
79291,8215551,1104948,7110603
304,4021862,2150565,1871297
13915,6600427,-2380233,8980660
3533,7781466,6522899,1258567
3204,8467402,6327940,2139462
3204,6747001,3406125,3340876
15731,6654931,-946270,7601201
6193,2960192,-2086309,5046501
3355,2277448,-3097394,5374842
73115,5560568,-3639745,9200313
79485,6678787,-2651871,9330658
74395,4196053,-946069,5142122
3263,8050113,915677,7134436
390,5936569,2188091,3748478
5076,5570531,-2051821,7622352
74690,6796248,1597569,5198679
340,1675759,1087072,588687
73343,3609561,3267645,341916
2810,4753307,1825569,2927738
3223,9181010,8660209,520801
3702,3826201,1495819,2330382
3449,2620925,-3691504,6312429
74488,3416492,-527786,3944278
9304,2314845,398819,1916026
9447,9715544,4445358,5270186
70342,9881204,8700371,1180833
3332,4328529,3546361,782168
72918,7430503,-1145101,8575604
369,5482684,5142414,340270
79503,3229099,-1068885,4297984
3448,3447067,-1691191,5138258
314,3357124,-5007216,8364340
3274,3533683,658547,2875136
348,2702100,531088,2171012
384,7121361,4776784,2344577
10707,3079703,294320,2785383
370,7692733,2008758,5683975
3329,4696855,-3418496,8115351
352,1432727,-2443001,3875728
7941,6557208,2386525,4170683
8847,6178703,4664262,1514441
13730,6532816,5735590,797226
3216,7063333,2668054,4395279
79225,8981869,7096759,1885110
79559,1291826,-5479343,6771169
73957,3133277,2522671,610606
5123,7917337,4422091,3495246
336,4007666,-1117460,5125126
3333,6804623,-1059754,7864377
10766,3411641,-1264769,4676410
11384,5073661,3339556,1734105
317,8424704,1585444,6839260
3414,7842754,4668808,3173946
74160,6202624,-3018591,9221215
8068,8278263,5554614,2723649
8890,2374564,-3030414,5404978
15544,7841028,7632595,208433
10176,2485293,-575784,3061077
349,3944048,-625726,4569774
79333,4608759,2823609,1785150
3222,9706404,3518425,6187979
302,5285758,-2247950,7533708
3394,6179282,2505376,3673906
3353,3768714,-2555107,6323821
378,8878350,7504718,1373632
74924,2894789,-2347823,5242612
307,4415263,956538,3458725
72739,2926159,1618343,1307816
76527,1635159,-2810691,4445850
2958,7255107,1470407,5784700
305,2525358,1640327,885031
17117,8716530,2639545,6076985
372,8814023,7706558,1107465
3224,7561126,3195235,4365891
79364,9709889,8209362,1500527
3248,7979636,-366978,8346614
7136,5304940,4811916,493024
13461,2207896,188791,2019105
389,9437749,6362341,3075408
74707,2351070,1238041,1113029
9938,3488817,-2684979,6173796
79206,7243310,6899968,343342
74679,2431066,-5563292,7994358
3402,8189162,1188368,7000794
3211,5024183,508929,4515254
3237,9687038,7988084,1698954
79289,7405709,3530862,3874847
3294,9645562,1015901,8629661
74313,6011061,2160391,3850670
358,8530604,-296838,8827442
73692,1221909,-3772034,4993943
4140,2146477,803682,1342795
13187,5629888,-678757,6308645
3363,4261977,-5543766,9805743
74169,5503428,-3394686,8898114
74169,4602010,1275149,3326861
74399,8306292,1537079,6769213
308,5993800,3779233,2214567
8777,2757260,-3210294,5967554
318,8661639,106299,8555340
318,5712355,5176792,535563
5119,4479311,-3672878,8152189
3346,6611683,5351001,1260682
74260,7989105,3495278,4493827
3577,8407420,4855341,3552079
72578,1485567,-2208008,3693575
3297,7114045,6384808,729237
74260,4229350,-2916309,7145659
316,5235651,-26198,5261849
3229,2760470,-5083305,7843775
3282,6256729,-367968,6624697
3264,2132217,-1836129,3968346
3300,4025444,-2054283,6079727
373,5335348,-1812195,7147543
74413,4089963,-3269344,7359307
3356,4620391,224120,4396271
79242,2463517,1919642,543875
10655,6114692,5617502,497190
79311,8601030,7898705,702325
3318,8721489,-119308,8840797
79523,5987461,3311890,2675571
74177,3831271,567107,3264164
74979,6746211,2243398,4502813
79794,9822529,-128816,9951345
323,2739074,431775,2307299
10990,3192188,-317020,3509208
3316,6558000,-2048856,8606856
72574,9484281,-455388,9939669
74224,2102865,-5327996,7430861
11742,1547519,-4012097,5559616
10763,4595326,-599698,5195024
394,5195807,4824993,370814
385,5558598,4616354,942244
3371,1971234,-7893099,9864333
3295,6374912,3344215,3030697
74849,9228003,6213664,3014339
79773,3718389,59178,3659211
380,4038999,1557510,2481489
73148,6881619,-2582747,9464366
73148,8956554,434320,8522234
3339,4036601,-2636550,6673151
3232,3706916,-3830147,7537063
72977,5889759,-1096003,6985762
3276,5405631,3112777,2292854
350,9923911,246287,9677624
8889,5498690,4364940,1133750
3715,6273751,3238158,3035593
74276,5187669,3853413,1334256
328,1699349,-4711843,6411192
2809,6268318,5280001,988317
11705,6853386,1631102,5222284
73619,1120201,-4294802,5415003
16155,1917127,-3023171,4940298
10764,9356748,6655635,2701113
8702,6002071,-3567472,9569543
79401,2096334,546208,1550126
326,9941832,1927168,8014664
73197,6361109,-2495084,8856193
3395,9654131,6789482,2864649
5088,6535487,3094647,3440840
10531,2442243,-6282756,8724999
15402,7022088,1752665,5269423
393,8409038,4460407,3948631
8848,1789562,-6363205,8152767
74253,4252258,901399,3350859
15546,2777272,1964624,812648
73684,3823805,-420604,4244409
3256,7823734,5911040,1912694
79598,5001442,223836,4777606
10533,8232811,-431197,8664008
3271,1548431,-7054699,8603130
73196,2537476,-4141530,6679006
11212,9571226,1680311,7890915
10765,7479451,2486961,4992490
79303,3511928,-3611719,7123647
8088,3976320,-4930601,8906921
2921,1949565,115713,1833852
3411,9146004,7393500,1752504
14101,2967886,907646,2060240
74393,5638217,-621902,6260119
3813,6640596,-1809690,8450286
3259,8434147,-247677,8681824
79325,1359972,-4003649,5363621
3392,2698987,-3220469,5919456
79438,5835738,-1664989,7500727
14124,1214149,-1866530,3080679
396,5279601,27864,5251737
73783,5909276,3736956,2172320
74694,4974820,2316458,2658362
8740,1069426,392940,676486
3319,5566568,-3514225,9080793
332,1027235,-4871496,5898731
73155,9529486,67180,9462306
74959,7784754,3413747,4371007
3303,2275948,-291491,2567439
3215,1720609,-641946,2362555
74354,6542216,284706,6257510
74250,9349114,6091621,3257493
3321,4574763,401994,4172769
79244,5319928,1915940,3403988
9733,3225777,-1608337,4834114
11157,3852447,-2226064,6078511
76672,9822534,5169669,4652865
8934,6340597,2143376,4197221
11661,6007859,-1230497,7238356
74835,3232479,-3533443,6765922
3305,6976964,5924008,1052956
335,7557119,-383995,7941114
2984,4476433,4198828,277605
74314,5232353,-3250672,8483025
75379,5981456,-3298983,9280439
371,2933036,-3183258,6116294
3337,3567140,-3694458,7261598
74269,8686723,5802495,2884228
27158,5817999,1090432,4727567
10989,2870434,1869582,1000852
74700,1719669,84484,1635185
3212,5007203,-2090223,7097426
72577,1125676,-923926,2049602
9409,7640552,-1165028,8805580
3299,8324806,-252444,8577250
367,3562953,-6220966,9783919
367,3087026,-4443347,7530373
74677,4990475,3450889,1539586
9939,6245163,1053450,5191713
79295,9534145,5820407,3713738
76157,7546906,1971818,5575088
3326,4318085,4045212,272873
79685,3655091,3081281,573810
79432,2344350,-6125257,8469607
74267,8405156,4093802,4311354
74267,2216609,-3342466,5559075
3286,5245803,-323682,5569485
74882,5536786,2074467,3462319
13776,8776903,8233092,543811
3304,6015611,-1534638,7550249
3201,6863413,-1885964,8749377
72883,4772724,3842783,929941
3290,6327807,2386791,3941016
321,7667036,5643981,2023055
321,3718974,2225720,1493254
16456,9032375,6102620,2929755
9679,2510177,-6974046,9484223
14440,9207106,1856188,7350918
320,9158948,927138,8231810
354,2385675,-6264315,8649990
9378,7847062,7527857,319205
3265,2474517,-1512878,3987395
13422,3624102,-4707341,8331443
79585,6238170,4527539,1710631
74770,5767040,-3101413,8868453
72736,1333210,-4999326,6332536
3279,5176996,279501,4897495
74255,3972493,-1426424,5398917
9940,9996642,9776437,220205
79652,1623539,-3738311,5361850
74256,8313424,-789079,9102503
3368,8509561,1683529,6826032
74936,6026756,4377861,1648895
386,9581497,8072095,1509402
74328,1987426,-6348638,8336064
3404,3463668,-1551033,5014701
72747,8336937,7681737,655200
383,8833897,3101334,5732563
3247,1091962,-3067528,4159490
73171,3031554,2358579,672975
72209,3629793,-5860698,9490491
381,7656527,-1579688,9236215
74270,4722915,-784635,5507550
74495,4260211,-2545372,6805583
8968,8277996,1972000,6305996
10795,2420842,-4325713,6746555
74406,7436516,2005664,5430852
334,7356989,6855915,501074
11159,7067694,5957352,1110342
72724,6395517,4238089,2157428
3372,2548365,-6959047,9507412
74271,9461482,1897765,7563717
13778,2124895,-295487,2420382
74950,1720350,-7192005,8912355
3370,7219741,-1465168,8684909
74817,9935735,1476029,8459706
3220,6794283,6021022,773261
3407,1555237,-7681812,9237049
9504,9955247,2732544,7222703
74905,1569091,-2561308,4130399
9680,9086658,2596243,6490415
74930,3872841,3132654,740187
74885,8952612,5362131,3590481
74931,3222240,-6145602,9367842
74466,2439416,1604735,834681
391,9244724,8457959,786765
10478,7353390,6798683,554707
3350,4374212,-1443470,5817682
74995,7756665,4619584,3137081
3227,1928340,-2718298,4646638
74696,7016563,-2018666,9035229
72710,5154840,-4841301,9996141
10530,3522327,1325294,2197033
2808,5066550,2975120,2091430
79774,5039268,-1109842,6149110
9852,1889479,-3997214,5886693
74463,2267188,-6787892,9055080
3383,2013010,72444,1940566
5074,7954060,1143592,6810468
10479,2984155,-4005231,6989386
8940,2361471,-4594309,6955780
72788,1875716,-5871937,7747653
79549,6735448,780577,5954871
74430,6805043,3970322,2834721
11426,1661358,423829,1237529
75402,8130130,-1561943,9692073
9622,1405348,-1272738,2678086
3513,9941810,1762862,8178948
75323,9052950,4160415,4892535
75697,4743283,432467,4310816
76943,5113016,-4066518,9179534
74266,3892964,-4640063,8533027
8973,7135344,4231184,2904160
75988,7576935,2905708,4671227
74352,9990150,864729,9125421
72784,9860469,2997293,6863176
72727,8474460,4738017,3736443
3774,8479163,1273695,7205468
79664,6121566,-2045383,8166949
75471,9341232,5759752,3581480
12449,4259084,600571,3658513
72772,8382004,4169166,4212838
74265,4915241,142047,4773194
10126,3254783,-5359034,8613817
4146,2954698,-2090771,5045469
72773,5829434,5458865,370569
76916,4115648,1116488,2999160
15313,3405771,-4518862,7924633
72980,8893745,4951921,3941824
74474,7838469,2526026,5312443
74917,3747457,-1023513,4770970
74695,8714348,3260721,5453627
72946,7849454,5878318,1971136
74706,5089392,-2303671,7393063
74452,7910559,6489312,1421247
72975,3287506,-1133768,4421274
70386,3773164,3546012,227152
79719,9395135,3111842,6283293
72709,7956985,4371418,3585567
74283,4586546,4441039,145507
79324,3296956,-432726,3729682
74640,7182867,1065757,6117110
